0.2 16258 15995 0.86442
0.22 16491 15916 0.8554
0.24 16687 16215 0.84272
0.26 16833 16746 0.82949
0.28 16903 17368 0.81562
0.3 16855 18045 0.8002
0.32 16648 18821 0.78272
0.34 16265 19753 0.76304
0.36 15712 20810 0.74208
0.38 15025 21924 0.72111
0.4 14229 22985 0.70189
0.42 13357 23875 0.68514
0.45 11953 24816 0.66427
0.5 9712.2 25271 0.63359
0.55 7812.7 24490 0.6044
0.6 6392.6 22896 0.57235
0.65 5283.2 20798 0.54014
0.7 4518.4 18628 0.51119
0.75 3993.3 16463 0.48136
0.8 3593.4 14332 0.45063
0.9 3132.6 10882 0.3954
1 2933.8 8397.9 0.35083
1.1 2716.8 6529 0.30993
1.2 2384.2 5106.1 0.26962
1.3 1993.1 4041.2 0.23109
1.4 1615.4 3225.2 0.19671
1.5 1290.6 2589.9 0.16807
1.6 1028.4 2086.5 0.14502
1.7 820.04 1686.7 0.12656
1.8 655.47 1369.4 0.11166
1.9 529.79 1115.9 0.099404
2 425.15 915.22 0.089205
2.2 268.55 623.91 0.073131
2.4 171.93 434.43 0.061119
2.6 130.61 311.83 0.051975
2.8 106.7 228.55 0.044744
3 92.672 171 0.038931
3.5 67.008 88.789 0.028492
4 51.383 50.526 0.021757
4.5 42.873 30.534 0.017119
5 40.163 19.019 0.013738
5.5 39.623 12.3 0.01124
6 36.683 8.0737 0.0093153
6.5 34.334 5.3932 0.0078174
7 35.55 3.534 0.0065949
7.5 39.568 2.2545 0.0055923
8 60.677 1.248 0.0047084
8.2 99.708 0.89184 0.0043706
8.4 239.01 0.59334 0.0040404
8.6 461 0.41323 0.0037299
8.8 748.74 0.39583 0.0034526
9 1166.8 0.60641 0.0031958
9.2 1625.1 1.0365 0.0029758
9.4 2031 1.5958 0.0027967
9.6 2292.9 2.1323 0.0026613
9.8 2389.6 2.5359 0.0025674
10 2318.3 2.7406 0.0025308
10.2 2152.1 2.7525 0.0025365
10.4 1969.9 2.6808 0.0025593
10.6 1769.3 2.5727 0.0026138
10.8 1545 2.3854 0.0027068
11 1348.9 2.1858 0.0027893
11.2 1174.9 1.9965 0.0028593
11.4 1006.6 1.8187 0.0029282
11.6 837.04 1.6277 0.002978
11.8 686.33 1.4446 0.0029782
12 555 1.2597 0.0029131
12.5 347.02 0.85128 0.0025585
13 295.24 0.5558 0.0021715
13.5 358.68 0.38355 0.0018764
14 441.41 0.29669 0.0016709
14.5 510.97 0.23219 0.0014964
15 603.82 0.17565 0.0013242
15.5 835.26 0.17175 0.001161
16 1131.4 0.22353 0.0010222
16.5 1379.6 0.31064 0.00091684
17 1478.8 0.37272 0.00084118
17.5 1459.8 0.40165 0.0007895
18 1365.5 0.39745 0.00075985
18.5 1244 0.37148 0.00074735
19 1140.1 0.34099 0.00073624
19.5 1044.9 0.31078 0.00072874
20 967.84 0.28335 0.00071816
21 840.87 0.23311 0.00069794
22 760.38 0.19561 0.00066194
23 693 0.16825 0.00062655
24 630.03 0.14643 0.00059703
25 558.33 0.12667 0.00058567
26 495.84 0.10903 0.00057797
27 440.75 0.094107 0.0005727
28 387.82 0.081243 0.00057405
29 344.53 0.070526 0.0005716
30 304.06 0.060838 0.00057044
32 244.36 0.045756 0.00054914
34 204.39 0.035123 0.00051223
36 177.05 0.02737 0.00046843
38 152.29 0.021857 0.00043392
40 133.87 0.017518 0.00039636
45 106.04 0.010739 0.000318
50 87.542 0.0070067 0.00026143
55 68.615 0.0047596 0.00022103
60 57.308 0.0033443 0.00018739
65 47.554 0.0024139 0.00016076
70 41.08 0.0017876 0.00013905
75 35.861 0.0013514 0.00012134
80 31.613 0.0010408 0.0001068
100 20.284 0.00042279 6.8608e-05
200 5.1062 2.6135e-05 1.7237e-05
500 0.81297 6.6695e-07 2.7616e-06
