0.2 9623.1 17408 0.84992
0.22 10525 15512 0.83951
0.24 10286 12872 0.76449
0.26 9972.9 10895 0.64055
0.28 9802.5 12101 0.60908
0.3 8239.6 13993 0.56954
0.32 7511.3 19401 0.60213
0.34 6044.4 22216 0.60255
0.36 3873.4 29372 0.65264
0.38 2865.1 36666 0.6436
0.4 1504.9 36153 0.63664
0.42 644.98 38777 0.68737
0.45 448.29 44482 0.7002
0.5 281.74 38215 0.66545
0.55 235.85 38628 0.69654
0.6 226.27 36098 0.6961
0.65 173.6 28969 0.64634
0.7 139.33 25473 0.60054
0.75 130.26 23988 0.58579
0.8 130.77 22244 0.59396
0.9 120.17 16031 0.6076
1 95.802 10798 0.54346
1.1 75.244 7921.6 0.44488
1.2 59.809 6140.5 0.36105
1.3 47.183 4636 0.29559
1.4 37.648 3750.1 0.25012
1.5 31.896 2821.1 0.21258
1.6 28.719 2265 0.18515
1.7 27.017 1784.9 0.1625
1.8 25.415 1416.3 0.14398
1.9 23.458 1131.7 0.12857
2 21.3 948.97 0.11624
2.2 17.06 641.55 0.09575
2.4 14.131 447.82 0.080345
2.6 12.556 323.07 0.068476
2.8 12.287 237.75 0.059046
3 11.266 177.82 0.051409
3.5 9.5388 93.104 0.037739
4 8.4357 52.685 0.028829
4.5 8.6035 31.298 0.022666
5 17.343 19.194 0.018219
5.5 24.651 12.137 0.014923
6 22.388 7.5657 0.012361
6.5 23.658 4.6936 0.010358
7 28.163 2.8457 0.0087599
7.5 41.684 1.3926 0.0073776
8 281.2 0.27008 0.0060633
8.2 708.41 0.30838 0.0055471
8.4 1247.1 0.87197 0.0051218
8.6 1835.1 1.8093 0.0047529
8.8 2497.5 3.1831 0.0043959
9 3163 4.9228 0.0040816
9.2 3621.8 6.5397 0.0038154
9.4 3760.4 7.6977 0.0036313
9.6 3517.1 7.9387 0.0035871
9.8 3055.9 7.387 0.0037005
10 2616.3 6.5735 0.0038758
10.2 2248.2 5.8189 0.0040535
10.4 1952.3 5.1845 0.0041992
10.6 1693.1 4.6456 0.0043326
10.8 1454.9 4.1553 0.0044542
11 1231.9 3.6927 0.0045486
11.2 1035.5 3.2666 0.004581
11.4 854.52 2.8837 0.004563
11.6 685.48 2.5139 0.0044754
11.8 538.18 2.1562 0.0043066
12 427.7 1.8117 0.004064
12.5 352.92 1.1899 0.0034592
13 361.72 0.86556 0.0030503
13.5 383.66 0.64667 0.0027229
14 410.1 0.49901 0.0024581
14.5 439.06 0.38181 0.0022223
15 480.61 0.27765 0.0019955
15.5 609.87 0.21104 0.0017764
16 844.55 0.21194 0.0015837
16.5 1124.5 0.27723 0.0014261
17 1351.1 0.36746 0.0013046
17.5 1495.3 0.45321 0.0012075
18 1519.9 0.504 0.0011414
18.5 1446 0.51076 0.001106
19 1346.2 0.48947 0.0010823
19.5 1239.9 0.45777 0.0010675
20 1151.7 0.42565 0.0010491
21 982.35 0.37163 0.0010285
22 782.66 0.29895 0.0010592
23 667.15 0.2386 0.0010336
24 599.6 0.1962 0.00097912
25 549.43 0.16548 0.00092392
26 508.86 0.14171 0.00087193
27 469.87 0.12253 0.00082788
28 434.09 0.10677 0.00078881
29 401.28 0.093521 0.00075341
30 368.64 0.082023 0.00072233
32 310.85 0.063633 0.00066591
34 262.72 0.049751 0.00061323
36 225.38 0.039239 0.00056159
38 194.34 0.03137 0.00051512
40 171.33 0.025306 0.00047044
45 130.41 0.015557 0.0003793
50 105.63 0.01013 0.00031067
55 86.363 0.0068752 0.00025906
60 72.833 0.0048283 0.00021875
65 61.511 0.0034963 0.00018754
70 53.604 0.0026032 0.00016271
75 46.438 0.0019753 0.00014248
80 39.315 0.0015256 0.00012597
100 25.478 0.0006193 8.0778e-05
200 6.3961 3.8253e-05 2.0266e-05
500 1.0246 9.76e-07 3.2458e-06
