0.2 16338 1.0015e+05 0.61555
0.22 16032 84287 0.57775
0.24 15733 76067 0.58642
0.26 14435 62130 0.59981
0.28 11990 48315 0.57434
0.3 8895.3 38519 0.51433
0.32 6203.8 31373 0.44337
0.34 4372.9 25812 0.37877
0.36 2679.1 21397 0.32522
0.38 1464.4 17786 0.28273
0.4 784.05 14788 0.24909
0.42 362.01 12290 0.22177
0.45 209.12 9391.9 0.18972
0.5 140.46 6125.3 0.15094
0.55 111.98 4180.9 0.12384
0.6 92.55 2922.7 0.10364
0.65 79.711 2095.3 0.088114
0.7 69.889 1539.6 0.075904
0.75 62.527 1160.3 0.066141
0.8 57.37 892.24 0.058182
0.9 51.176 550.41 0.046028
1 46.947 354.14 0.03727
1.1 41.561 238.75 0.030808
1.2 35.493 168.43 0.025934
1.3 29.73 118.4 0.022016
1.4 24.424 90.203 0.019085
1.5 21.614 65.721 0.016532
1.6 19.979 51.318 0.014569
1.7 19.354 39.808 0.012891
1.8 18.706 31.275 0.011483
1.9 17.701 24.842 0.010288
2 16.347 20.672 0.0093219
2.2 13.601 13.927 0.0076928
2.4 11.622 9.7175 0.0064556
2.6 10.591 7.0148 0.0054981
2.8 10.586 5.17 0.0047358
3 9.883 3.8742 0.0041184
3.5 8.6525 2.037 0.0030148
4 7.8286 1.1567 0.0022977
4.5 8.1171 0.68918 0.0018031
5 16.566 0.42372 0.0014472
5.5 23.767 0.26846 0.001184
6 21.752 0.16767 0.00097967
6.5 23.128 0.1042 0.00082019
7 27.674 0.063271 0.00069314
7.5 41.181 0.031034 0.0005832
8 279.96 0.0060483 0.00047843
8.2 708.13 0.0069268 0.00043717
8.4 1249.7 0.019619 0.0004033
8.6 1841.2 0.040729 0.00037407
8.8 2506.2 0.071625 0.00034586
9 3167.4 0.11048 0.00032125
9.2 3613.1 0.14617 0.00030058
9.4 3732.1 0.17115 0.00028653
9.6 3472.9 0.17565 0.00028364
9.8 3006.2 0.16293 0.00029316
10 2568.4 0.14476 0.00030738
10.2 2204.3 0.12805 0.00032161
10.4 1912.9 0.11405 0.00033316
10.6 1658.1 0.10218 0.00034365
10.8 1424.4 0.091396 0.00035312
11 1206.2 0.081235 0.00036038
11.2 1014.3 0.071883 0.00036273
11.4 837.56 0.06348 0.00036111
11.6 672.52 0.055365 0.00035402
11.8 528.7 0.047518 0.00034058
12 420.86 0.039956 0.00032136
12.5 348.54 0.026288 0.00027351
13 358.01 0.019143 0.00024114
13.5 380.35 0.014314 0.00021524
14 407.07 0.011052 0.00019427
14.5 436.32 0.008461 0.00017561
15 478.17 0.0061568 0.00015766
15.5 607.51 0.0046831 0.00014033
16 842.01 0.0047052 0.00012508
16.5 1121.4 0.0061548 0.00011263
17 1347.1 0.008154 0.00010304
17.5 1489.8 0.010049 9.54e-05
18 1513.3 0.011167 9.0201e-05
18.5 1438.8 0.01131 8.7434e-05
19 1339 0.010835 8.5575e-05
19.5 1232.9 0.010131 8.4415e-05
20 1145.1 0.0094188 8.2972e-05
21 976.46 0.0082222 8.135e-05
22 777.96 0.0066148 8.376e-05
23 663.4 0.0052807 8.1719e-05
24 596.48 0.0043433 7.7393e-05
25 546.75 0.0036638 7.3021e-05
26 506.52 0.0031378 6.8905e-05
27 467.81 0.0027135 6.5418e-05
28 432.28 0.0023648 6.2326e-05
29 399.68 0.0020715 5.9525e-05
30 367.23 0.0018169 5.7065e-05
32 309.76 0.0014098 5.26e-05
34 261.89 0.0011024 4.8434e-05
36 224.73 0.00086958 4.4351e-05
38 193.83 0.00069529 4.0679e-05
40 170.92 0.00056095 3.7149e-05
45 130.16 0.00034491 2.995e-05
50 105.47 0.00022463 2.453e-05
55 86.253 0.00015246 2.0455e-05
60 72.755 0.00010708 1.7272e-05
65 61.454 7.7544e-05 1.4808e-05
70 53.561 5.7738e-05 1.2847e-05
75 46.405 4.3814e-05 1.125e-05
80 39.291 3.384e-05 9.9463e-06
100 25.468 1.3738e-05 6.378e-06
200 6.3955 8.4865e-07 1.6001e-06
500 1.0246 2.1654e-08 2.5628e-07
