0.2 29214 73631 0.74726
0.22 28912 66937 0.74082
0.24 29263 61359 0.74009
0.26 29202 56639 0.72391
0.28 26965 52594 0.68483
0.3 23862 49087 0.63927
0.32 21169 46019 0.60516
0.34 19051 43312 0.59024
0.36 17265 40906 0.59144
0.38 15188 38753 0.59284
0.4 12752 36816 0.57908
0.42 10330 35062 0.54621
0.45 7420.2 32725 0.47622
0.5 4435.8 29452 0.36298
0.55 2828.2 26775 0.284
0.6 1944.7 24544 0.22997
0.65 1335 22656 0.19121
0.7 967.65 21037 0.16243
0.75 752.55 19635 0.1404
0.8 590.16 18408 0.1229
0.9 417.92 16362 0.096924
1 347.2 14726 0.078183
1.1 266.87 13387 0.064671
1.2 195.28 12272 0.054411
1.3 130.09 11328 0.046329
1.4 96.489 10519 0.040008
1.5 81.402 9817.5 0.03481
1.6 71.867 9203.9 0.030611
1.7 65.956 8662.5 0.027111
1.8 61.612 8181.2 0.024137
1.9 56.548 7750.6 0.02166
2 51.785 7363.1 0.019551
2.2 40.288 6693.7 0.016136
2.4 32.015 6135.9 0.013554
2.6 27.031 5663.9 0.011552
2.8 24.539 5259.4 0.0099446
3 22.334 4908.7 0.0086463
3.5 18.528 4207.5 0.0063255
4 16.022 3681.6 0.004828
4.5 14.884 3272.5 0.0037935
5 22.124 2945.2 0.0030468
5.5 28.977 2677.5 0.0024915
6 25.761 2454.4 0.0020589
6.5 25.559 2265.6 0.0017218
7 30.519 2103.7 0.0014514
7.5 44.561 1963.5 0.0012163
8 363.26 1840.8 0.00099491
8.2 806.27 1795.9 0.00091225
8.4 1321.2 1753.1 0.00084297
8.6 1880.2 1712.4 0.00078118
8.8 2568.9 1673.4 0.00072173
9 3027.1 1636.2 0.00068578
9.2 3077.9 1600.7 0.00066434
9.4 3047.5 1566.6 0.00064671
9.6 2856.7 1534 0.00064358
9.8 2561.2 1502.7 0.00065378
10 2301.3 1472.6 0.00066227
10.2 2091.3 1443.7 0.00066739
10.4 1891.9 1416 0.00067453
10.6 1697 1389.3 0.00068474
10.8 1497.4 1363.5 0.00069889
11 1297.6 1338.7 0.00071367
11.2 1109.7 1314.8 0.00072411
11.4 939.14 1291.8 0.00072618
11.6 781.04 1269.5 0.00072082
11.8 637.33 1248 0.0007036
12 515.72 1227.2 0.00067724
12.5 362.27 1178.1 0.00058663
13 334.69 1132.8 0.00050964
13.5 378.29 1090.8 0.00045016
14 433.14 1051.9 0.00040576
14.5 475.35 1015.6 0.00036756
15 535.75 981.75 0.00033149
15.5 642.34 950.08 0.00029625
16 845.42 920.39 0.00026578
16.5 1061.2 892.5 0.00024126
17 1226.1 866.25 0.00022192
17.5 1324.3 841.5 0.00020696
18 1346.7 818.12 0.00019589
18.5 1300.9 796.01 0.00018875
19 1235.2 775.06 0.00018298
19.5 1175.1 755.19 0.00017713
20 1125.6 736.31 0.00017086
21 977.54 701.25 0.00016523
22 720.66 669.37 0.00018155
23 583.61 640.27 0.00018194
24 515.29 613.59 0.00017201
25 472.7 589.05 0.00016068
26 442.68 566.39 0.0001498
27 415.68 545.42 0.00014079
28 390.23 525.94 0.00013293
29 364.99 507.8 0.00012622
30 339.03 490.87 0.00012048
32 289.8 460.19 0.00011058
34 246.14 433.12 0.00010186
36 209.65 409.06 9.3583e-05
38 179.76 387.53 8.5799e-05
40 157.1 368.16 7.8362e-05
45 120.8 327.25 6.2714e-05
50 96.116 294.52 5.1367e-05
55 78.253 267.75 4.2828e-05
60 68.389 245.44 3.6094e-05
65 56.536 226.56 3.0956e-05
70 48.659 210.37 2.686e-05
75 43.23 196.35 2.3413e-05
80 37.385 184.08 2.0753e-05
100 24.368 147.26 1.3341e-05
200 6.119 73.631 3.3466e-06
500 0.98025 29.452 5.3597e-07
