0.2 8200.2 73631 0.8199
0.22 10398 66937 0.81085
0.24 10904 61359 0.76048
0.26 11008 56639 0.69811
0.28 11182 52594 0.67614
0.3 10123 49087 0.63126
0.32 9540.1 46019 0.63595
0.34 8389.7 43312 0.60997
0.36 5991.8 40906 0.64758
0.38 5498 38753 0.65571
0.4 4567.3 36816 0.63774
0.42 2790.9 35062 0.6738
0.45 1927.3 32725 0.6995
0.5 933 29452 0.65359
0.55 590 26775 0.68473
0.6 524.44 24544 0.69347
0.65 393.34 22656 0.64835
0.7 294.2 21037 0.59732
0.75 261.96 19635 0.57726
0.8 258.22 18408 0.58204
0.9 232.12 16362 0.60491
1 175.57 14726 0.55195
1.1 130.22 13387 0.45527
1.2 98.469 12272 0.36923
1.3 75.579 11328 0.30185
1.4 59.526 10519 0.25482
1.5 49.887 9817.5 0.21648
1.6 44.307 9203.9 0.18815
1.7 40.999 8662.5 0.16496
1.8 38.223 8181.2 0.14609
1.9 34.994 7750.6 0.13042
2 31.916 7363.1 0.11756
2.2 25.045 6693.7 0.096579
2.4 20.152 6135.9 0.081037
2.6 17.262 5663.9 0.069198
2.8 16.116 5259.4 0.059595
3 14.683 4908.7 0.051924
3.5 12.224 4207.5 0.038086
4 10.529 3681.6 0.029186
4.5 10.103 3272.5 0.02298
5 18.138 2945.2 0.01851
5.5 24.801 2677.5 0.015154
6 22.39 2454.4 0.012539
6.5 22.885 2265.6 0.01052
7 27.889 2103.7 0.0088714
7.5 40.884 1963.5 0.0074621
8 346.55 1840.8 0.0061353
8.2 812.8 1795.9 0.0056265
8.4 1295.7 1753.1 0.0051959
8.6 1847.4 1712.4 0.0048205
8.8 2477.5 1673.4 0.0044533
9 3139.5 1636.2 0.0041329
9.2 3527 1600.7 0.0038827
9.4 3567 1566.6 0.0037395
9.6 3274.9 1534 0.0037403
9.8 2925.7 1502.7 0.0038019
10 2583.4 1472.6 0.003903
10.2 2280.7 1443.7 0.0040141
10.4 2006.3 1416 0.0041419
10.6 1734.1 1389.3 0.0042975
10.8 1497.3 1363.5 0.0044306
11 1280.2 1338.7 0.0045345
11.2 1083.6 1314.8 0.0045927
11.4 903.74 1291.8 0.0046044
11.6 731.97 1269.5 0.0045551
11.8 565.12 1248 0.0044176
12 444.94 1227.2 0.0041854
12.5 354.25 1178.1 0.0035554
13 349.89 1132.8 0.0031142
13.5 384.28 1090.8 0.0027677
14 415.89 1051.9 0.0025074
14.5 454.29 1015.6 0.002257
15 476.36 981.75 0.0020327
15.5 621.14 950.08 0.0018096
16 827.78 920.39 0.0016144
16.5 1100.5 892.5 0.0014515
17 1328.4 866.25 0.0013234
17.5 1470.6 841.5 0.0012226
18 1505.6 818.12 0.0011514
18.5 1429.1 796.01 0.0011163
19 1332.7 775.06 0.0010906
19.5 1223.3 755.19 0.0010781
20 1114.1 736.31 0.0010742
21 930.03 701.25 0.0010697
22 745.89 669.37 0.0010956
23 636.42 640.27 0.0010666
24 570.14 613.59 0.0010095
25 526.66 589.05 0.00094653
26 494.82 566.39 0.00088585
27 462.95 545.42 0.00083706
28 433.9 525.94 0.00079399
29 400.97 507.8 0.00076203
30 363.9 490.87 0.00073603
32 303.88 460.19 0.00067997
34 258.53 433.12 0.00062393
36 222.41 409.06 0.00057252
38 191.16 387.53 0.00052587
40 169.62 368.16 0.00047848
45 134.97 327.25 0.00038459
50 104.81 294.52 0.00031865
55 87.363 267.75 0.0002652
60 72.217 245.44 0.00022501
65 61.283 226.56 0.0001924
70 52.965 210.37 0.00016685
75 47.315 196.35 0.00014587
80 39.911 184.08 0.00012947
100 25.46 147.26 8.3022e-05
200 6.3941 73.631 2.0834e-05
500 1.0244 29.452 3.3369e-06
