0.2 12389 73631 0.5921
0.22 16560 66937 0.57546
0.24 15241 61359 0.49931
0.26 13907 56639 0.417
0.28 11951 52594 0.34827
0.3 9761.3 49087 0.29355
0.32 7597.5 46019 0.25095
0.34 5458.1 43312 0.21707
0.36 3862.8 40906 0.18985
0.38 2832 38753 0.16797
0.4 2147.4 36816 0.15003
0.42 1425.1 35062 0.13502
0.45 844.1 32725 0.11673
0.5 393.68 29452 0.093893
0.55 253.85 26775 0.077464
0.6 188.11 24544 0.065065
0.65 154.92 22656 0.055451
0.7 132.3 21037 0.047807
0.75 116.22 19635 0.041644
0.8 104.62 18408 0.03667
0.9 89.018 16362 0.028978
1 77.828 14726 0.02347
1.1 66.21 13387 0.019411
1.2 54.655 12272 0.016335
1.3 44.991 11328 0.013873
1.4 36.772 10519 0.012018
1.5 32.339 9817.5 0.010419
1.6 29.669 9203.9 0.0091705
1.7 28.396 8662.5 0.0081101
1.8 27.289 8181.2 0.0072228
1.9 25.687 7750.6 0.0064707
2 23.952 7363.1 0.0058454
2.2 19.64 6693.7 0.0048104
2.4 16.344 6135.9 0.004036
2.6 14.367 5663.9 0.0034439
2.8 13.735 5259.4 0.0029623
3 12.754 4908.7 0.0025777
3.5 11.011 4207.5 0.0018849
4 9.7103 3681.6 0.001441
4.5 9.4821 3272.5 0.0011324
5 17.245 2945.2 0.00091069
5.5 23.822 2677.5 0.00074462
6 21.69 2454.4 0.00061545
6.5 22.313 2265.6 0.00051587
7 27.351 2103.7 0.00043466
7.5 40.33 1963.5 0.00036524
8 344.58 1840.8 0.00029975
8.2 811.18 1795.9 0.00027459
8.4 1296.4 1753.1 0.00025337
8.6 1850.5 1712.4 0.00023495
8.8 2482.4 1673.4 0.00021698
9 3138.2 1636.2 0.00020146
9.2 3511.5 1600.7 0.00018947
9.4 3532.8 1566.6 0.0001828
9.6 3229.7 1534 0.00018318
9.8 2877 1502.7 0.00018646
10 2535.5 1472.6 0.0001916
10.2 2235.4 1443.7 0.00019715
10.4 1964.1 1416 0.00020348
10.6 1696.5 1389.3 0.00021108
10.8 1464.3 1363.5 0.00021752
11 1252 1338.7 0.00022248
11.2 1060 1314.8 0.00022518
11.4 884.51 1291.8 0.00022562
11.6 716.98 1269.5 0.00022308
11.8 554.28 1248 0.00021626
12 437.14 1227.2 0.00020487
12.5 349.43 1178.1 0.00017402
13 345.99 1132.8 0.00015241
13.5 380.69 1090.8 0.00013543
14 412.51 1051.9 0.00012268
14.5 451.18 1015.6 0.00011041
15 473.67 981.75 9.9425e-05
15.5 618.38 950.08 8.8496e-05
16 824.85 920.39 7.8937e-05
16.5 1097 892.5 7.0969e-05
17 1323.9 866.25 6.471e-05
17.5 1464.7 841.5 5.9795e-05
18 1498.4 818.12 5.6332e-05
18.5 1421.3 796.01 5.4634e-05
19 1325 775.06 5.3387e-05
19.5 1215.8 755.19 5.2784e-05
20 1107 736.31 5.2599e-05
21 923.97 701.25 5.2382e-05
22 741.08 669.37 5.3635e-05
23 632.59 640.27 5.2201e-05
24 566.97 613.59 4.9395e-05
25 523.94 589.05 4.6306e-05
26 492.43 566.39 4.3334e-05
27 460.83 545.42 4.0944e-05
28 432 525.94 3.8835e-05
29 399.27 507.8 3.7269e-05
30 362.42 490.87 3.5995e-05
32 302.74 460.19 3.3248e-05
34 257.66 433.12 3.0504e-05
36 221.72 409.06 2.7988e-05
38 190.63 387.53 2.5706e-05
40 169.19 368.16 2.3388e-05
45 134.69 327.25 1.8798e-05
50 104.63 294.52 1.5574e-05
55 87.244 267.75 1.2962e-05
60 72.133 245.44 1.0997e-05
65 61.223 226.56 9.4033e-06
70 52.92 210.37 8.1544e-06
75 47.28 196.35 7.1292e-06
80 39.884 184.08 6.3279e-06
100 25.45 147.26 4.0576e-06
200 6.3935 73.631 1.0182e-06
500 1.0243 29.452 1.6309e-07
