0.2 9967.1 73631 0.9014
0.22 10284 66937 0.90479
0.24 10510 61359 0.89951
0.26 10720 56639 0.89043
0.28 10856 52594 0.87654
0.3 10981 49087 0.85491
0.32 10945 46019 0.82087
0.34 10904 43312 0.7749
0.36 10355 40906 0.71191
0.38 9922.8 38753 0.68115
0.4 9761.9 36816 0.66256
0.42 8495.3 35062 0.65911
0.45 7710 32725 0.67818
0.5 5654.6 29452 0.6794
0.55 4667.4 26775 0.7042
0.6 3428.3 24544 0.65833
0.65 2310.5 22656 0.67323
0.7 2052.4 21037 0.69356
0.75 1743.5 19635 0.67467
0.8 1233.2 18408 0.62482
0.9 829.11 16362 0.5633
1 823.4 14726 0.58162
1.1 660.16 13387 0.59661
1.2 434.17 12272 0.55237
1.3 255.2 11328 0.47071
1.4 174.12 10519 0.39359
1.5 137.76 9817.5 0.33006
1.6 116.43 9203.9 0.28176
1.7 103.03 8662.5 0.24395
1.8 92.997 8181.2 0.21355
1.9 82.988 7750.6 0.18937
2 74.097 7363.1 0.16949
2.2 55.018 6693.7 0.13844
2.4 42.061 6135.9 0.11571
2.6 34.385 5663.9 0.098423
2.8 30.326 5259.4 0.084681
3 26.932 4908.7 0.073646
3.5 21.327 4207.5 0.053989
4 17.872 3681.6 0.041303
4.5 16.223 3272.5 0.032522
5 23.693 2945.2 0.026169
5.5 30.616 2677.5 0.021432
6 26.912 2454.4 0.017734
6.5 26.461 2265.6 0.014848
7 31.357 2103.7 0.01253
7.5 45.42 1963.5 0.010514
8 366.3 1840.8 0.0086211
8.2 809.15 1795.9 0.0079159
8.4 1321.9 1753.1 0.0073221
8.6 1878.2 1712.4 0.0067898
8.8 2567 1673.4 0.0062747
9 3040.9 1636.2 0.0059537
9.2 3106.2 1600.7 0.0057588
9.4 3088.9 1566.6 0.0055972
9.6 2908.1 1534 0.0055606
9.8 2615.6 1502.7 0.0056411
10 2354.1 1472.6 0.0057104
10.2 2142.1 1443.7 0.0057521
10.4 1940 1416 0.0058122
10.6 1741.9 1389.3 0.0058999
10.8 1538.2 1363.5 0.0060231
11 1333.6 1338.7 0.0061536
11.2 1140.5 1314.8 0.0062479
11.4 964.77 1291.8 0.0062701
11.6 801.75 1269.5 0.0062276
11.8 653.38 1248 0.0060817
12 527.87 1227.2 0.0058554
12.5 369.09 1178.1 0.0050728
13 339.75 1132.8 0.0044075
13.5 383.02 1090.8 0.0038938
14 437.8 1051.9 0.0035102
14.5 479.77 1015.6 0.0031802
15 539.94 981.75 0.0028686
15.5 646.39 950.08 0.0025642
16 849.93 920.39 0.0023008
16.5 1066.6 892.5 0.0020885
17 1232.5 866.25 0.0019209
17.5 1331.9 841.5 0.0017909
18 1355.4 818.12 0.0016946
18.5 1310 796.01 0.0016324
19 1244.3 775.06 0.0015822
19.5 1184 755.19 0.0015314
20 1134.3 736.31 0.0014769
21 985.94 701.25 0.0014275
22 727.19 669.37 0.001569
23 588.54 640.27 0.0015735
24 519.24 613.59 0.0014881
25 476.03 589.05 0.0013904
26 445.56 566.39 0.0012964
27 418.23 545.42 0.0012185
28 392.49 525.94 0.0011506
29 367.01 507.8 0.0010926
30 340.82 490.87 0.001043
32 291.2 460.19 0.00095746
34 247.24 433.12 0.00088206
36 210.5 409.06 0.00081049
38 180.42 387.53 0.00074314
40 157.62 368.16 0.00067876
45 121.12 327.25 0.00054325
50 96.322 294.52 0.00044498
55 78.391 267.75 0.00037101
60 68.491 245.44 0.00031268
65 56.608 226.56 0.00026817
70 48.712 210.37 0.00023269
75 43.272 196.35 0.00020283
80 37.417 184.08 0.00017978
100 24.382 147.26 0.00011557
200 6.1199 73.631 2.8992e-05
500 0.98027 29.452 4.6431e-06
