0.2 15472 73631 0.85063
0.22 15966 66937 0.83527
0.24 16276 61359 0.81926
0.26 16412 56639 0.805
0.28 16516 52594 0.78705
0.3 16005 49087 0.76957
0.32 15948 46019 0.75581
0.34 15169 43312 0.73131
0.36 13289 40906 0.72489
0.38 12419 38753 0.73202
0.4 12019 36816 0.72165
0.42 10473 35062 0.69389
0.45 7933.9 32725 0.68302
0.5 6645 29452 0.70391
0.55 4556.6 26775 0.65181
0.6 2921.2 24544 0.58651
0.65 2221.6 22656 0.56794
0.7 1885.5 21037 0.58319
0.75 1570.7 19635 0.59729
0.8 1195.6 18408 0.58307
0.9 735.25 16362 0.48203
1 546.83 14726 0.37106
1.1 398.25 13387 0.29279
1.2 280.82 12272 0.23813
1.3 180.94 11328 0.1982
1.4 130.54 10519 0.1688
1.5 107.08 9817.5 0.14558
1.6 92.308 9203.9 0.12734
1.7 82.874 8662.5 0.11242
1.8 75.816 8181.2 0.099895
1.9 68.382 7750.6 0.089552
2 61.666 7363.1 0.080795
2.2 46.706 6693.7 0.066687
2.4 36.34 6135.9 0.056053
2.6 30.17 5663.9 0.047821
2.8 26.996 5259.4 0.041207
3 24.279 4908.7 0.035862
3.5 19.705 4207.5 0.02629
4 16.798 3681.6 0.020097
4.5 15.445 3272.5 0.01581
5 22.78 2945.2 0.01271
5.5 29.663 2677.5 0.010401
6 26.242 2454.4 0.0086004
6.5 25.937 2265.6 0.0071961
7 30.87 2103.7 0.0060689
7.5 44.921 1963.5 0.0050886
8 364.56 1840.8 0.0041666
8.2 807.62 1795.9 0.0038225
8.4 1321.8 1753.1 0.0035336
8.6 1880 1712.4 0.0032753
8.8 2569.3 1673.4 0.0030262
9 3034.6 1636.2 0.0028736
9.2 3091.4 1600.7 0.002782
9.4 3066.4 1566.6 0.0027063
9.6 2879.5 1534 0.0026913
9.8 2584.9 1502.7 0.0027325
10 2324.1 1472.6 0.0027673
10.2 2113.1 1443.7 0.0027882
10.4 1912.4 1416 0.0028178
10.6 1716 1389.3 0.0028605
10.8 1514.6 1363.5 0.0029199
11 1312.8 1338.7 0.0029824
11.2 1122.6 1314.8 0.0030269
11.4 949.86 1291.8 0.0030365
11.6 789.69 1269.5 0.0030149
11.8 644.02 1248 0.0029435
12 520.78 1227.2 0.0028336
12.5 365.11 1178.1 0.0024547
13 336.8 1132.8 0.0021327
13.5 380.27 1090.8 0.0018839
14 435.09 1051.9 0.0016982
14.5 477.2 1015.6 0.0015384
15 537.51 981.75 0.0013875
15.5 644.05 950.08 0.0012401
16 847.34 920.39 0.0011127
16.5 1063.5 892.5 0.00101
17 1228.8 866.25 0.00092898
17.5 1327.6 841.5 0.00086624
18 1350.4 818.12 0.00081983
18.5 1304.8 796.01 0.00078983
19 1239 775.06 0.00076565
19.5 1178.8 755.19 0.00074111
20 1129.3 736.31 0.00071483
21 981.06 701.25 0.00069114
22 723.39 669.37 0.0007595
23 585.67 640.27 0.00076137
24 516.94 613.59 0.00071992
25 474.09 589.05 0.00067258
26 443.88 566.39 0.00062704
27 416.74 545.42 0.00058936
28 391.17 525.94 0.00055648
29 365.83 507.8 0.00052841
30 339.77 490.87 0.00050439
32 290.38 460.19 0.00046298
34 246.6 433.12 0.00042648
36 210 409.06 0.00039185
38 180.03 387.53 0.00035927
40 157.32 368.16 0.00032814
45 120.93 327.25 0.00026262
50 96.202 294.52 0.00021511
55 78.31 267.75 0.00017935
60 68.431 245.44 0.00015115
65 56.566 226.56 0.00012964
70 48.681 210.37 0.00011248
75 43.247 196.35 9.8047e-05
80 37.398 184.08 8.6908e-05
100 24.374 147.26 5.5866e-05
200 6.1194 73.631 1.4015e-05
500 0.98026 29.452 2.2445e-06
