0.2 12374 27274 0.71102
0.22 13154 28695 0.7255
0.24 12419 31223 0.70978
0.26 11636 33231 0.69292
0.28 10773 34479 0.67582
0.3 9336 36223 0.65356
0.32 7592.3 38269 0.63663
0.34 6066.4 39947 0.63364
0.36 4151 41698 0.63137
0.38 2481.3 42800 0.63369
0.4 1409.6 42668 0.63408
0.42 667.49 41769 0.63522
0.45 397.36 39359 0.63079
0.5 267.91 34326 0.61407
0.55 216.96 29927 0.58588
0.6 177.11 25512 0.55521
0.65 151.46 21867 0.52588
0.7 131.72 18627 0.49426
0.75 115.22 15781 0.46172
0.8 103.04 13473 0.43104
0.9 88.985 9989.8 0.3791
1 78.178 7229.8 0.33248
1.1 65.07 5215.3 0.2854
1.2 52.511 3902.1 0.24061
1.3 41.681 2886.9 0.20066
1.4 33.309 2321 0.17088
1.5 28.434 1748.4 0.14547
1.6 25.733 1408.3 0.12673
1.7 24.378 1114.3 0.11117
1.8 23.094 887.47 0.098442
1.9 21.463 711.36 0.087855
2 19.581 597.9 0.079395
2.2 15.859 405.64 0.065345
2.4 13.26 283.77 0.054797
2.6 11.874 205 0.04668
2.8 11.697 150.99 0.040236
3 10.785 112.99 0.035021
3.5 9.2311 59.202 0.025696
4 8.225 33.51 0.019622
4.5 8.4346 19.909 0.015424
5 17.073 12.21 0.012396
5.5 24.344 7.7207 0.010152
6 22.167 4.8126 0.0084082
6.5 23.474 2.9856 0.0070451
7 27.993 1.8101 0.005958
7.5 41.509 0.88573 0.0050174
8 280.77 0.17176 0.004123
8.2 708.33 0.1961 0.0037716
8.4 1248 0.55444 0.0034822
8.6 1837.3 1.1504 0.0032313
8.8 2500.7 2.0238 0.0029886
9 3164.8 3.1299 0.002775
9.2 3619.1 4.1583 0.0025943
9.4 3750.9 4.8952 0.0024694
9.6 3502 5.0492 0.0024397
9.8 3038.8 4.6989 0.0025172
10 2599.8 4.1818 0.0026367
10.2 2233 3.702 0.0027577
10.4 1938.7 3.2985 0.0028567
10.6 1681 2.9557 0.0029474
10.8 1444.3 2.6438 0.00303
11 1222.9 2.3495 0.003094
11.2 1028.1 2.0784 0.003116
11.4 848.63 1.8348 0.0031035
11.6 680.98 1.5995 0.0030438
11.8 534.89 1.3719 0.0029289
12 425.33 1.1527 0.0027639
12.5 351.4 0.757 0.0023526
13 360.43 0.55066 0.0020744
13.5 382.51 0.4114 0.0018518
14 409.05 0.31745 0.0016717
14.5 438.11 0.24289 0.0015113
15 479.76 0.17662 0.001357
15.5 609.05 0.13425 0.0012081
16 843.68 0.13482 0.001077
16.5 1123.4 0.17635 0.0009698
17 1349.7 0.23375 0.00088715
17.5 1493.4 0.2883 0.00082119
18 1517.6 0.32062 0.00077622
18.5 1443.5 0.32493 0.0007522
19 1343.7 0.31138 0.00073606
19.5 1237.5 0.29122 0.00072598
20 1149.4 0.27079 0.00071351
21 980.31 0.23643 0.00069948
22 781.03 0.19019 0.00072033
23 665.84 0.15179 0.00070297
24 598.52 0.12482 0.00066587
25 548.5 0.10528 0.00062833
26 508.05 0.09015 0.00059297
27 469.15 0.077951 0.00056301
28 433.46 0.067926 0.00053643
29 400.72 0.059495 0.00051236
30 368.15 0.05218 0.00049122
32 310.47 0.040481 0.00045284
34 262.43 0.031649 0.00041701
36 225.15 0.024962 0.00038189
38 194.16 0.019956 0.0003503
40 171.19 0.016099 0.00031991
45 130.32 0.0098966 0.00025793
50 105.57 0.0064445 0.00021126
55 86.325 0.0043737 0.00017616
60 72.806 0.0030715 0.00014875
65 61.491 0.0022242 0.00012753
70 53.589 0.001656 0.00011065
75 46.426 0.0012566 9.6891e-05
80 39.307 0.00097051 8.5663e-05
100 25.474 0.00039396 5.493e-05
200 6.3959 2.4334e-05 1.3781e-05
500 1.0246 6.2088e-07 2.2072e-06
