0.2 12111 73631 0.89678
0.22 12597 66937 0.89102
0.24 12869 61359 0.87514
0.26 13035 56639 0.85073
0.28 13251 52594 0.82532
0.3 13141 49087 0.78811
0.32 12948 46019 0.7545
0.34 12756 43312 0.72397
0.36 11520 40906 0.70591
0.38 10667 38753 0.70285
0.4 10227 36816 0.68906
0.42 8486.8 35062 0.68417
0.45 6630.2 32725 0.7111
0.5 4562.6 29452 0.66714
0.55 2714.7 26775 0.67252
0.6 2250.5 24544 0.69356
0.65 1553 22656 0.6573
0.7 1014.5 21037 0.59953
0.75 791.08 19635 0.56959
0.8 720.2 18408 0.56986
0.9 628.93 16362 0.59817
1 443.63 14726 0.56095
1.1 298.57 13387 0.46626
1.2 192.39 12272 0.37731
1.3 134.12 11328 0.30831
1.4 99.072 10519 0.25891
1.5 79.118 9817.5 0.2199
1.6 68.729 9203.9 0.191
1.7 62.943 8662.5 0.16741
1.8 58.244 8181.2 0.14803
1.9 54.076 7750.6 0.13238
2 46.456 7363.1 0.1191
2.2 36.253 6693.7 0.098265
2.4 29 6135.9 0.082526
2.6 24.679 5663.9 0.070374
2.8 22.521 5259.4 0.060633
3 20.422 4908.7 0.052735
3.5 16.871 4207.5 0.038767
4 14.604 3681.6 0.029637
4.5 13.535 3272.5 0.023371
5 21.278 2945.2 0.01879
5.5 27.235 2677.5 0.015391
6 24.656 2454.4 0.01273
6.5 24.441 2265.6 0.010668
7 29.167 2103.7 0.0089806
7.5 43.006 1963.5 0.0075427
8 364.74 1840.8 0.0062019
8.2 743.01 1795.9 0.0057108
8.4 1198.5 1753.1 0.0052736
8.6 1752.3 1712.4 0.0048844
8.8 2422.9 1673.4 0.0045178
9 2826.3 1636.2 0.0043039
9.2 3094.5 1600.7 0.0040643
9.4 3295.8 1566.6 0.0038592
9.6 3177.7 1534 0.0037917
9.8 2858.5 1502.7 0.0038464
10 2556.1 1472.6 0.0039153
10.2 2292.1 1443.7 0.0039858
10.4 2049.8 1416 0.0040656
10.6 1818.5 1389.3 0.0041642
10.8 1596.2 1363.5 0.0042796
11 1372.4 1338.7 0.0044099
11.2 1169.7 1314.8 0.004497
11.4 982.2 1291.8 0.0045408
11.6 812.92 1269.5 0.0045339
11.8 650.68 1248 0.0044521
12 515.58 1227.2 0.0042788
12.5 342.52 1178.1 0.0036738
13 321.76 1132.8 0.0031758
13.5 368.47 1090.8 0.0028033
14 416.66 1051.9 0.0025275
14.5 454.47 1015.6 0.0022854
15 496.72 981.75 0.0020471
15.5 628.13 950.08 0.0018263
16 857.24 920.39 0.001631
16.5 1092.1 892.5 0.0014777
17 1278.8 866.25 0.0013579
17.5 1381 841.5 0.0012655
18 1395.2 818.12 0.0011999
18.5 1335.2 796.01 0.0011607
19 1254 775.06 0.0011316
19.5 1176.9 755.19 0.0011039
20 1121.9 736.31 0.0010677
21 984.09 701.25 0.0010268
22 731.08 669.37 0.0011173
23 608.69 640.27 0.0010986
24 550.18 613.59 0.0010299
25 512.17 589.05 0.00096043
26 482.19 566.39 0.00089807
27 452.4 545.42 0.00084711
28 423.06 525.94 0.00080373
29 393.88 507.8 0.00076659
30 363.62 490.87 0.00073511
32 308.45 460.19 0.00067863
34 261.91 433.12 0.00062627
36 224.86 409.06 0.00057571
38 194.77 387.53 0.00052867
40 171.61 368.16 0.00048384
45 132.34 327.25 0.00039066
50 107.3 294.52 0.00032078
55 87.936 267.75 0.00026935
60 72.903 245.44 0.00022848
65 61.558 226.56 0.0001957
70 53.408 210.37 0.00016967
75 46.335 196.35 0.00014872
80 40.47 184.08 0.00013133
100 25.804 147.26 8.4481e-05
200 6.483 73.631 2.1205e-05
500 1.0387 29.452 3.3966e-06
