0.2 6280.4 1014.6 0.021813
0.22 7105 650.71 0.017793
0.24 6340.3 441.15 0.014841
0.26 5598.2 309.78 0.012573
0.28 4952.6 225.9 0.010808
0.3 4013.4 169.2 0.0094008
0.32 3046.2 128.52 0.0082426
0.34 2303.9 98.89 0.0072783
0.36 1487.6 77.106 0.0064706
0.38 847.95 61.043 0.0057906
0.4 471.06 48.99 0.0052129
0.42 224.95 39.702 0.004716
0.45 135.96 29.626 0.0040965
0.5 97.376 18.952 0.003304
0.55 81.606 12.827 0.0027269
0.6 70.355 8.9522 0.002287
0.65 62.769 6.4256 0.001945
0.7 56.669 4.7322 0.0016745
0.75 51.935 3.5747 0.0014576
0.8 48.623 2.7551 0.0012807
0.9 44.794 1.7075 0.0010108
1 42.111 1.1034 0.00081662
1.1 37.967 0.74634 0.00067379
1.2 32.87 0.52774 0.00056635
1.3 27.865 0.37199 0.00048014
1.4 23.071 0.28366 0.00041583
1.5 20.584 0.20711 0.00035986
1.6 19.131 0.16186 0.00031691
1.7 18.628 0.12569 0.00028023
1.8 18.08 0.098834 0.00024947
1.9 17.172 0.078568 0.00022342
2 15.899 0.065396 0.00020237
2.2 13.293 0.044102 0.00016689
2.4 11.402 0.030796 0.00013998
2.6 10.42 0.022243 0.00011917
2.8 10.439 0.0164 0.00010262
3 9.7639 0.012295 8.9216e-05
3.5 8.5768 0.0064686 6.5279e-05
4 7.7769 0.0036748 4.9736e-05
4.5 8.0757 0.0021902 3.9023e-05
5 16.5 0.0013469 3.1315e-05
5.5 23.691 0.00085352 2.5616e-05
6 21.698 0.00053319 2.1194e-05
6.5 23.083 0.00033139 1.7742e-05
7 27.632 0.00020125 1.4993e-05
7.5 41.139 9.8735e-05 1.2614e-05
8 279.85 1.925e-05 1.0346e-05
8.2 708.07 2.2051e-05 9.4531e-06
8.4 1249.9 6.2464e-05 8.7203e-06
8.6 1841.5 0.00012967 8.0879e-06
8.8 2506.6 0.00022803 7.478e-06
9 3167.1 0.00035164 6.9462e-06
9.2 3611.6 0.00046504 6.4999e-06
9.4 3728.9 0.00054428 6.1971e-06
9.6 3468.5 0.0005584 6.1355e-06
9.8 3001.5 0.00051782 6.3426e-06
10 2564 0.00046004 6.6507e-06
10.2 2200.4 0.00040691 6.9586e-06
10.4 1909.4 0.00036242 7.2085e-06
10.6 1655 0.00032471 7.4353e-06
10.8 1421.8 0.00029044 7.6399e-06
11 1204 0.00025816 7.7964e-06
11.2 1012.5 0.00022845 7.8467e-06
11.4 836.11 0.00020175 7.8111e-06
11.6 671.42 0.00017597 7.6576e-06
11.8 527.9 0.00015103 7.3666e-06
12 420.28 0.00012701 6.9509e-06
12.5 348.17 8.3574e-05 5.9158e-06
13 357.7 6.0865e-05 5.2157e-06
13.5 380.06 4.5513e-05 4.6553e-06
14 406.81 3.5143e-05 4.2018e-06
14.5 436.08 2.6906e-05 3.7982e-06
15 477.96 1.958e-05 3.4099e-06
15.5 607.3 1.4894e-05 3.035e-06
16 841.79 1.4965e-05 2.7052e-06
16.5 1121.1 1.9575e-05 2.4359e-06
17 1346.7 2.5932e-05 2.2285e-06
17.5 1489.4 3.1958e-05 2.0633e-06
18 1512.7 3.551e-05 1.9509e-06
18.5 1438.2 3.5963e-05 1.8911e-06
19 1338.3 3.445e-05 1.8509e-06
19.5 1232.3 3.2212e-05 1.8259e-06
20 1144.5 2.9948e-05 1.7946e-06
21 975.96 2.6143e-05 1.7596e-06
22 777.56 2.1032e-05 1.8117e-06
23 663.08 1.6791e-05 1.7675e-06
24 596.21 1.3811e-05 1.6739e-06
25 546.52 1.165e-05 1.5793e-06
26 506.32 9.9776e-06 1.4903e-06
27 467.64 8.6286e-06 1.4149e-06
28 432.12 7.5197e-06 1.348e-06
29 399.54 6.5871e-06 1.2874e-06
30 367.12 5.7777e-06 1.2342e-06
32 309.67 4.4831e-06 1.1376e-06
34 261.82 3.5056e-06 1.0475e-06
36 224.67 2.7653e-06 9.5917e-07
38 193.78 2.2111e-06 8.7976e-07
40 170.89 1.7839e-06 8.0341e-07
45 130.14 1.0969e-06 6.4772e-07
50 105.45 7.1436e-07 5.305e-07
55 86.244 4.8486e-07 4.4236e-07
60 72.748 3.4054e-07 3.7353e-07
65 61.45 2.4661e-07 3.2024e-07
70 53.557 1.8362e-07 2.7784e-07
75 46.403 1.3934e-07 2.433e-07
80 39.289 1.0762e-07 2.151e-07
100 25.467 4.3691e-08 1.3793e-07
200 6.3954 2.699e-09 3.4605e-08
500 1.0246 6.8866e-11 5.5423e-09
