0.2 12172 73631 0.89859
0.22 12641 66937 0.88889
0.24 12919 61359 0.87338
0.26 13068 56639 0.85155
0.28 13300 52594 0.8299
0.3 13228 49087 0.79701
0.32 13107 46019 0.7649
0.34 12945 43312 0.73078
0.36 11808 40906 0.70661
0.38 11135 38753 0.70649
0.4 10933 36816 0.69628
0.42 9462.8 35062 0.68752
0.45 7835.2 32725 0.71409
0.5 6492.2 29452 0.68346
0.55 4122.4 26775 0.67655
0.6 3612.7 24544 0.69721
0.65 2673.7 22656 0.66521
0.7 1722.1 21037 0.60498
0.75 1328 19635 0.57051
0.8 1155.6 18408 0.56583
0.9 984.55 16362 0.59404
1 743.39 14726 0.56646
1.1 500.85 13387 0.47545
1.2 334.66 12272 0.385
1.3 209.51 11328 0.31402
1.4 149.17 10519 0.2626
1.5 121.18 9817.5 0.22321
1.6 103.76 9203.9 0.19324
1.7 92.546 8662.5 0.16934
1.8 84.074 8181.2 0.14967
1.9 75.371 7750.6 0.13368
2 67.579 7363.1 0.12029
2.2 50.617 6693.7 0.098959
2.4 39.009 6135.9 0.083047
2.6 32.124 5663.9 0.070796
2.8 28.534 5259.4 0.060989
3 25.5 4908.7 0.053077
3.5 20.449 4207.5 0.038927
4 17.289 3681.6 0.029774
4.5 15.8 3272.5 0.023434
5 23.197 2945.2 0.018848
5.5 30.098 2677.5 0.01543
6 26.548 2454.4 0.012764
6.5 26.176 2265.6 0.010683
7 31.092 2103.7 0.0090119
7.5 45.149 1963.5 0.007559
8 365.37 1840.8 0.0061934
8.2 808.36 1795.9 0.0056841
8.4 1322 1753.1 0.0052558
8.6 1879.4 1712.4 0.0048726
8.8 2568.6 1673.4 0.0045023
9 3038 1636.2 0.0042737
9.2 3098.7 1600.7 0.0041358
9.4 3077.1 1566.6 0.0040217
9.6 2893 1534 0.0039975
9.8 2599.2 1502.7 0.0040573
10 2338 1472.6 0.0041081
10.2 2126.5 1443.7 0.0041387
10.4 1925.1 1416 0.0041824
10.6 1727.9 1389.3 0.0042456
10.8 1525.4 1363.5 0.004334
11 1322.3 1338.7 0.0044273
11.2 1130.8 1314.8 0.0044942
11.4 956.66 1291.8 0.0045093
11.6 795.18 1269.5 0.004478
11.8 648.29 1248 0.0043724
12 524.01 1227.2 0.0042095
12.5 366.92 1178.1 0.0036467
13 338.15 1132.8 0.0031684
13.5 381.53 1090.8 0.0027989
14 436.33 1051.9 0.0025231
14.5 478.37 1015.6 0.0022858
15 538.63 981.75 0.0020617
15.5 645.12 950.08 0.0018428
16 848.53 920.39 0.0016535
16.5 1064.9 892.5 0.0015009
17 1230.5 866.25 0.0013805
17.5 1329.6 841.5 0.0012871
18 1352.7 818.12 0.0012181
18.5 1307.2 796.01 0.0011734
19 1241.4 775.06 0.0011374
19.5 1181.2 755.19 0.0011009
20 1131.6 736.31 0.0010619
21 983.29 701.25 0.0010265
22 725.12 669.37 0.0011281
23 586.98 640.27 0.0011311
24 517.99 613.59 0.0010696
25 474.97 589.05 0.00099936
26 444.64 566.39 0.00093173
27 417.42 545.42 0.00087576
28 391.77 525.94 0.00082692
29 366.36 507.8 0.00078523
30 340.25 490.87 0.00074954
32 290.76 460.19 0.00068803
34 246.89 433.12 0.00063382
36 210.23 409.06 0.00058238
38 180.21 387.53 0.00053396
40 157.46 368.16 0.0004877
45 121.02 327.25 0.00039033
50 96.256 294.52 0.00031972
55 78.347 267.75 0.00026657
60 68.458 245.44 0.00022465
65 56.585 226.56 0.00019268
70 48.695 210.37 0.00016719
75 43.258 196.35 0.00014573
80 37.407 184.08 0.00012917
100 24.377 147.26 8.3035e-05
200 6.1196 73.631 2.083e-05
500 0.98027 29.452 3.336e-06
