0.2 13029 73631 0.89293
0.22 13552 66937 0.87954
0.24 13861 61359 0.85767
0.26 14096 56639 0.83408
0.28 14115 52594 0.80275
0.3 14050 49087 0.77561
0.32 13970 46019 0.74769
0.34 12892 43312 0.72462
0.36 12351 40906 0.7205
0.38 11648 38753 0.70042
0.4 9609.7 36816 0.69701
0.42 8401 35062 0.71507
0.45 7526.9 32725 0.7066
0.5 3976.6 29452 0.66458
0.55 3023.6 26775 0.69285
0.6 2261.9 24544 0.673
0.65 1333.3 22656 0.60942
0.7 970.81 21037 0.5716
0.75 844.26 19635 0.56881
0.8 778.63 18408 0.586
0.9 590.15 16362 0.58937
1 398.15 14726 0.50306
1.1 275.01 13387 0.40223
1.2 181.23 12272 0.32385
1.3 127.95 11328 0.266
1.4 94.979 10519 0.2247
1.5 76.128 9817.5 0.19188
1.6 66.237 9203.9 0.1673
1.7 60.774 8662.5 0.14706
1.8 56.348 8181.2 0.13031
1.9 52.398 7750.6 0.11671
2 45.091 7363.1 0.10511
2.2 35.297 6693.7 0.086844
2.4 28.318 6135.9 0.072987
2.6 24.161 5663.9 0.062262
2.8 22.101 5259.4 0.053653
3 20.084 4908.7 0.046667
3.5 16.656 4207.5 0.034304
4 14.459 3681.6 0.026221
4.5 13.428 3272.5 0.020673
5 21.144 2945.2 0.016619
5.5 27.097 2677.5 0.01361
6 24.557 2454.4 0.011256
6.5 24.362 2265.6 0.0094319
7 29.094 2103.7 0.0079392
7.5 42.93 1963.5 0.0066672
8 364.45 1840.8 0.0054808
8.2 742.74 1795.9 0.0050462
8.4 1198.5 1753.1 0.0046594
8.6 1752.5 1712.4 0.0043152
8.8 2423.4 1673.4 0.0039912
9 2825.7 1636.2 0.0038026
9.2 3093.1 1600.7 0.0035911
9.4 3292.9 1566.6 0.0034104
9.6 3173.2 1534 0.0033513
9.8 2853.3 1502.7 0.0034003
10 2550.8 1472.6 0.0034616
10.2 2287 1443.7 0.0035242
10.4 2045 1416 0.0035948
10.6 1814 1389.3 0.0036821
10.8 1592.1 1363.5 0.0037841
11 1368.8 1338.7 0.0038991
11.2 1166.6 1314.8 0.0039758
11.4 979.66 1291.8 0.0040142
11.6 810.86 1269.5 0.0040079
11.8 649.1 1248 0.0039354
12 514.42 1227.2 0.003782
12.5 341.91 1178.1 0.0032472
13 321.3 1132.8 0.0028071
13.5 368.04 1090.8 0.0024778
14 416.24 1051.9 0.002234
14.5 454.08 1015.6 0.0020199
15 496.37 981.75 0.0018093
15.5 627.77 950.08 0.0016141
16 856.84 920.39 0.0014415
16.5 1091.7 892.5 0.001306
17 1278.2 866.25 0.0012001
17.5 1380.3 841.5 0.0011185
18 1394.4 818.12 0.0010605
18.5 1334.3 796.01 0.0010259
19 1253.2 775.06 0.0010002
19.5 1176 755.19 0.00097577
20 1121.1 736.31 0.00094379
21 983.31 701.25 0.00090767
22 730.48 669.37 0.00098761
23 608.23 640.27 0.00097102
24 549.8 613.59 0.00091027
25 511.84 589.05 0.00084888
26 481.91 566.39 0.00079375
27 452.15 545.42 0.00074871
28 422.84 525.94 0.00071037
29 393.67 507.8 0.00067753
30 363.44 490.87 0.0006497
32 308.31 460.19 0.00059977
34 261.8 433.12 0.00055349
36 224.78 409.06 0.00050881
38 194.7 387.53 0.00046722
40 171.55 368.16 0.0004276
45 132.31 327.25 0.00034525
50 107.28 294.52 0.00028349
55 87.921 267.75 0.00023804
60 72.892 245.44 0.00020192
65 61.55 226.56 0.00017295
70 53.402 210.37 0.00014995
75 46.33 196.35 0.00013143
80 40.466 184.08 0.00011606
100 25.803 147.26 7.4661e-05
200 6.483 73.631 1.874e-05
500 1.0387 29.452 3.0018e-06
