0.2 24232 73631 0.75939
0.22 24731 66937 0.77602
0.24 24791 61359 0.77953
0.26 24945 56639 0.76549
0.28 23286 52594 0.73991
0.3 21833 49087 0.72844
0.32 21109 46019 0.72484
0.34 19659 43312 0.70984
0.36 16590 40906 0.67106
0.38 13359 38753 0.62514
0.4 11211 36816 0.59347
0.42 9967.6 35062 0.5804
0.45 8798.7 32725 0.58591
0.5 6298.9 29452 0.59246
0.55 3869.2 26775 0.52847
0.6 2485.3 24544 0.43534
0.65 1635.1 22656 0.35444
0.7 1158.9 21037 0.29362
0.75 890.23 19635 0.24871
0.8 692.05 18408 0.21443
0.9 482.63 16362 0.16594
1 393.99 14726 0.13251
1.1 298.57 13387 0.10904
1.2 215.72 12272 0.091492
1.3 142.03 11328 0.077792
1.4 104.34 10519 0.067139
1.5 87.242 9817.5 0.058409
1.6 76.466 9203.9 0.051366
1.7 69.731 8662.5 0.045503
1.8 64.764 8181.2 0.040523
1.9 59.161 7750.6 0.036374
2 53.958 7363.1 0.032841
2.2 41.692 6693.7 0.027119
2.4 32.958 6135.9 0.02279
2.6 27.714 5663.9 0.019433
2.8 25.072 5259.4 0.016735
3 22.756 4908.7 0.014554
3.5 18.783 4207.5 0.010654
4 16.19 3681.6 0.0081351
4.5 15.006 3272.5 0.0063939
5 22.266 2945.2 0.0051365
5.5 29.125 2677.5 0.004201
6 25.865 2454.4 0.0034721
6.5 25.641 2265.6 0.002904
7 30.595 2103.7 0.0024482
7.5 44.639 1963.5 0.0020518
8 363.54 1840.8 0.0016787
8.2 806.59 1795.9 0.0015394
8.4 1321.4 1753.1 0.0014226
8.6 1880.3 1712.4 0.0013184
8.8 2569.2 1673.4 0.0012181
9 3029 1636.2 0.0011572
9.2 3081.1 1600.7 0.0011209
9.4 3051.8 1566.6 0.001091
9.6 2861.9 1534 0.0010855
9.8 2566.5 1502.7 0.0011026
10 2306.3 1472.6 0.0011169
10.2 2096.1 1443.7 0.0011255
10.4 1896.4 1416 0.0011375
10.6 1701.2 1389.3 0.0011547
10.8 1501.1 1363.5 0.0011786
11 1300.9 1338.7 0.0012036
11.2 1112.5 1314.8 0.0012213
11.4 941.46 1291.8 0.0012249
11.6 782.91 1269.5 0.0012159
11.8 638.78 1248 0.0011869
12 516.81 1227.2 0.0011425
12.5 362.89 1178.1 0.00098965
13 335.15 1132.8 0.00085978
13.5 378.72 1090.8 0.00075945
14 433.56 1051.9 0.00068456
14.5 475.75 1015.6 0.00062012
15 536.13 981.75 0.00055927
15.5 642.71 950.08 0.00049982
16 845.84 920.39 0.00044843
16.5 1061.7 892.5 0.00040705
17 1226.7 866.25 0.00037442
17.5 1325 841.5 0.00034916
18 1347.5 818.12 0.00033049
18.5 1301.7 796.01 0.00031842
19 1236 775.06 0.0003087
19.5 1175.9 755.19 0.00029882
20 1126.4 736.31 0.00028823
21 978.3 701.25 0.00027873
22 721.25 669.37 0.00030626
23 584.06 640.27 0.00030695
24 515.64 613.59 0.0002902
25 473 589.05 0.0002711
26 442.94 566.39 0.00025273
27 415.91 545.42 0.00023754
28 390.43 525.94 0.00022428
29 365.17 507.8 0.00021296
30 339.19 490.87 0.00020327
32 289.92 460.19 0.00018657
34 246.24 433.12 0.00017186
36 209.73 409.06 0.0001579
38 179.82 387.53 0.00014477
40 157.15 368.16 0.00013222
45 120.83 327.25 0.00010582
50 96.135 294.52 8.6673e-05
55 78.265 267.75 7.2264e-05
60 68.398 245.44 6.0902e-05
65 56.542 226.56 5.2233e-05
70 48.663 210.37 4.5322e-05
75 43.234 196.35 3.9505e-05
80 37.388 184.08 3.5017e-05
100 24.37 147.26 2.251e-05
200 6.1191 73.631 5.6468e-06
500 0.98025 29.452 9.0436e-07
