0.2 8559 73631 0.81391
0.22 10896 66937 0.76562
0.24 11602 61359 0.69176
0.26 11876 56639 0.68488
0.28 11296 52594 0.6507
0.3 10900 49087 0.66099
0.32 10117 46019 0.6422
0.34 7682.4 43312 0.66122
0.36 6980.5 40906 0.66243
0.38 5506.8 38753 0.6457
0.4 3922.2 36816 0.68658
0.42 2954 35062 0.70233
0.45 2142.9 32725 0.67308
0.5 845.97 29452 0.66986
0.55 665.83 26775 0.69623
0.6 490.4 24544 0.66238
0.65 344.32 22656 0.60396
0.7 291.99 21037 0.57704
0.75 281.41 19635 0.582
0.8 272.91 18408 0.59783
0.9 214.46 16362 0.58487
1 158.94 14726 0.49124
1.1 121.03 13387 0.39262
1.2 93.305 12272 0.31741
1.3 72.416 11328 0.26089
1.4 57.22 10519 0.22141
1.5 48.115 9817.5 0.18908
1.6 42.79 9203.9 0.16491
1.7 39.662 8662.5 0.14498
1.8 37.038 8181.2 0.12865
1.9 33.967 7750.6 0.11501
2 31.022 7363.1 0.10377
2.2 24.425 6693.7 0.085362
2.4 19.708 6135.9 0.071671
2.6 16.921 5663.9 0.061221
2.8 15.833 5259.4 0.052733
3 14.453 4908.7 0.045948
3.5 12.078 4207.5 0.033699
4 10.43 3681.6 0.025821
4.5 10.028 3272.5 0.020326
5 18.029 2945.2 0.01637
5.5 24.682 2677.5 0.0134
6 22.305 2454.4 0.011087
6.5 22.815 2265.6 0.0093006
7 27.824 2103.7 0.0078424
7.5 40.817 1963.5 0.0065958
8 346.32 1840.8 0.0054218
8.2 812.64 1795.9 0.0049715
8.4 1295.9 1753.1 0.0045904
8.6 1848 1712.4 0.0042585
8.8 2478.4 1673.4 0.0039339
9 3139.8 1636.2 0.0036511
9.2 3525.7 1600.7 0.0034304
9.4 3563.4 1566.6 0.0033046
9.6 3269.9 1534 0.003306
9.8 2920.1 1502.7 0.0033611
10 2577.8 1472.6 0.0034509
10.2 2275.4 1443.7 0.0035493
10.4 2001.2 1416 0.0036625
10.6 1729.6 1389.3 0.0038001
10.8 1493.3 1363.5 0.0039175
11 1276.8 1338.7 0.0040091
11.2 1080.7 1314.8 0.0040602
11.4 901.41 1291.8 0.0040703
11.6 730.14 1269.5 0.0040265
11.8 563.8 1248 0.0039048
12 443.99 1227.2 0.0036995
12.5 353.67 1178.1 0.0031427
13 349.41 1132.8 0.0027527
13.5 383.85 1090.8 0.0024463
14 415.48 1051.9 0.0022162
14.5 453.92 1015.6 0.0019949
15 476.04 981.75 0.0017966
15.5 620.81 950.08 0.0015994
16 827.44 920.39 0.0014268
16.5 1100.1 892.5 0.0012828
17 1327.9 866.25 0.0011696
17.5 1469.9 841.5 0.0010805
18 1504.7 818.12 0.0010177
18.5 1428.2 796.01 0.0009867
19 1331.8 775.06 0.000964
19.5 1222.4 755.19 0.00095295
20 1113.2 736.31 0.00094953
21 929.3 701.25 0.00094557
22 745.3 669.37 0.00096842
23 635.95 640.27 0.0009428
24 569.75 613.59 0.0008923
25 526.33 589.05 0.0008366
26 494.53 566.39 0.00078296
27 462.69 545.42 0.00073983
28 433.67 525.94 0.00070176
29 400.76 507.8 0.0006735
30 363.72 490.87 0.00065052
32 303.74 460.19 0.00060096
34 258.43 433.12 0.00055142
36 222.33 409.06 0.00050598
38 191.1 387.53 0.00046475
40 169.56 368.16 0.00042287
45 134.93 327.25 0.00033988
50 104.79 294.52 0.00028161
55 87.349 267.75 0.00023437
60 72.206 245.44 0.00019885
65 61.276 226.56 0.00017003
70 52.96 210.37 0.00014745
75 47.311 196.35 0.00012891
80 39.908 184.08 0.00011442
100 25.459 147.26 7.3371e-05
200 6.394 73.631 1.8412e-05
500 1.0244 29.452 2.949e-06
