0.2 10642 19216 0.81784
0.22 11837 14091 0.74422
0.24 11316 13149 0.63698
0.26 11047 13876 0.58265
0.28 10333 19053 0.62813
0.3 9385.5 22153 0.62623
0.32 7161.5 29431 0.66753
0.34 6775 35913 0.66317
0.36 4127.1 37451 0.66457
0.38 2359.1 43423 0.70063
0.4 1539.4 49202 0.6988
0.42 778.16 48269 0.66999
0.45 383.22 43038 0.66394
0.5 299.12 44290 0.70087
0.55 252.5 37432 0.67512
0.6 179.47 30394 0.61329
0.65 155.86 27887 0.58502
0.7 151.71 25689 0.5916
0.75 144.58 22036 0.60728
0.8 129.82 17787 0.60515
0.9 99.661 11643 0.52382
1 80.96 8280.8 0.4132
1.1 66.807 6157.7 0.32703
1.2 54.568 4676.9 0.26615
1.3 43.701 3437.2 0.22055
1.4 34.986 2714.1 0.18844
1.5 29.802 2006.2 0.16162
1.6 26.884 1589.1 0.14159
1.7 25.37 1240.7 0.12483
1.8 23.943 978.13 0.11097
1.9 22.174 778.09 0.09932
2 20.177 649.85 0.089936
2.2 16.26 437.6 0.074238
2.4 13.543 304.86 0.062359
2.6 12.092 219.72 0.053173
2.8 11.882 161.63 0.045859
3 10.935 120.88 0.039929
3.5 9.3254 63.313 0.029305
4 8.289 35.846 0.022378
4.5 8.4856 21.307 0.017588
5 17.155 13.074 0.014133
5.5 24.436 8.2705 0.011573
6 22.234 5.1577 0.0095841
6.5 23.529 3.201 0.0080294
7 28.045 1.9415 0.0067896
7.5 41.562 0.95059 0.0057169
8 280.91 0.18458 0.0046964
8.2 708.39 0.21092 0.0042952
8.4 1247.9 0.59667 0.003965
8.6 1836.9 1.2383 0.0036789
8.8 2500.1 2.1784 0.0034022
9 3164.9 3.367 0.0031592
9.2 3620.8 4.4685 0.0029537
9.4 3754.6 5.2531 0.0028122
9.6 3507.2 5.411 0.0027794
9.8 3044.4 5.0308 0.0028686
10 2605.1 4.4749 0.0030053
10.2 2237.8 3.9604 0.0031435
10.4 1942.9 3.5282 0.0032566
10.6 1684.7 3.1613 0.0033599
10.8 1447.5 2.8276 0.0034538
11 1225.6 2.5129 0.0035265
11.2 1030.3 2.223 0.0035512
11.4 850.39 1.9626 0.0035367
11.6 682.32 1.7111 0.0034685
11.8 535.86 1.4679 0.0033375
12 426.03 1.2336 0.0031494
12.5 351.85 0.8105 0.0026807
13 360.82 0.58975 0.0023637
13.5 382.85 0.44069 0.00211
14 409.37 0.34011 0.0019047
14.5 438.4 0.26027 0.0017219
15 480.02 0.1893 0.0015461
15.5 609.3 0.14391 0.0013763
16 843.95 0.14454 0.001227
16.5 1123.7 0.18907 0.0011049
17 1350.2 0.25057 0.0010107
17.5 1494 0.30899 0.00093558
18 1518.3 0.34356 0.0008844
18.5 1444.3 0.34811 0.00085707
19 1344.4 0.33357 0.00083871
19.5 1238.2 0.31195 0.00082725
20 1150.1 0.29005 0.00081306
21 980.92 0.25323 0.00079708
22 781.52 0.20371 0.00082083
23 666.23 0.1626 0.000801
24 598.84 0.13371 0.00075871
25 548.78 0.11278 0.00071592
26 508.29 0.096578 0.00067562
27 469.37 0.083512 0.00064147
28 433.65 0.072773 0.00061119
29 400.89 0.063743 0.00058375
30 368.3 0.055907 0.00055966
32 310.59 0.043374 0.00051593
34 262.52 0.033912 0.0004751
36 225.22 0.026748 0.00043508
38 194.21 0.021385 0.00039908
40 171.23 0.017252 0.00036446
45 130.35 0.010606 0.00029385
50 105.59 0.0069066 0.00024067
55 86.336 0.0046874 0.00020069
60 72.814 0.0032919 0.00016946
65 61.497 0.0023838 0.00014529
70 53.593 0.0017749 0.00012605
75 46.43 0.0013468 0.00011038
80 39.31 0.0010402 9.759e-05
100 25.475 0.00042226 6.2578e-05
200 6.396 2.6083e-05 1.57e-05
500 1.0246 6.6549e-07 2.5145e-06
