0.2 22611 73631 0.13109
0.22 25122 66937 0.1068
0.24 22722 61359 0.089097
0.26 20034 56639 0.075788
0.28 17208 52594 0.065413
0.3 14515 49087 0.057101
0.32 11907 46019 0.050313
0.34 9591.6 43312 0.044591
0.36 7763.5 40906 0.039726
0.38 6059.9 38753 0.035596
0.4 4864.4 36816 0.032053
0.42 3999.1 35062 0.029026
0.45 2859 32725 0.025214
0.5 1592.8 29452 0.020336
0.55 1040.7 26775 0.016799
0.6 711.45 24544 0.014086
0.65 501.49 22656 0.01198
0.7 388.61 21037 0.010322
0.75 313.85 19635 0.0089868
0.8 265.31 18408 0.0078929
0.9 209.38 16362 0.0062418
1 173.56 14726 0.0050308
1.1 137.58 13387 0.0041527
1.2 98.847 12272 0.0034885
1.3 74.64 11328 0.0029646
1.4 58.009 10519 0.0025608
1.5 48.872 9817.5 0.0022213
1.6 44.066 9203.9 0.001955
1.7 41.917 8662.5 0.001729
1.8 40.197 8181.2 0.0015378
1.9 38.404 7750.6 0.0013802
2 33.893 7363.1 0.0012445
2.2 27.649 6693.7 0.0010286
2.4 22.952 6135.9 0.00086376
2.6 20.131 5663.9 0.00073587
2.8 18.858 5259.4 0.00063314
3 17.484 4908.7 0.00054985
3.5 15.022 4207.5 0.00040288
4 13.359 3681.6 0.00030716
4.5 12.617 3272.5 0.00024171
5 20.128 2945.2 0.000194
5.5 26.049 2677.5 0.00015869
6 23.802 2454.4 0.0001311
6.5 23.765 2265.6 0.00010976
7 28.543 2103.7 9.2308e-05
7.5 42.354 1963.5 7.7446e-05
8 362.19 1840.8 6.356e-05
8.2 740.36 1795.9 5.8471e-05
8.4 1197.4 1753.1 5.3951e-05
8.6 1753.2 1712.4 4.9941e-05
8.8 2424 1673.4 4.6184e-05
9 2817.6 1636.2 4.4041e-05
9.2 3078.2 1600.7 4.1614e-05
9.4 3266.4 1566.6 3.956e-05
9.6 3135.5 1534 3.8934e-05
9.8 2811.2 1502.7 3.9555e-05
10 2509.1 1472.6 4.0298e-05
10.2 2246.9 1443.7 4.1047e-05
10.4 2007.3 1416 4.188e-05
10.6 1779.3 1389.3 4.2897e-05
10.8 1560.7 1363.5 4.4077e-05
11 1341.3 1338.7 4.5396e-05
11.2 1143.3 1314.8 4.6261e-05
11.4 960.37 1291.8 4.668e-05
11.6 795.3 1269.5 4.6581e-05
11.8 637.23 1248 4.5719e-05
12 505.67 1227.2 4.3927e-05
12.5 337.33 1178.1 3.771e-05
13 317.86 1132.8 3.2596e-05
13.5 364.77 1090.8 2.8769e-05
14 413.05 1051.9 2.5936e-05
14.5 451.09 1015.6 2.3448e-05
15 493.7 981.75 2.1e-05
15.5 625.07 950.08 1.8731e-05
16 853.78 920.39 1.6727e-05
16.5 1088 892.5 1.5154e-05
17 1273.6 866.25 1.3927e-05
17.5 1374.6 841.5 1.2982e-05
18 1387.9 818.12 1.2313e-05
18.5 1327.5 796.01 1.1913e-05
19 1246.5 775.06 1.1617e-05
19.5 1169.6 755.19 1.1334e-05
20 1114.9 736.31 1.0963e-05
21 977.4 701.25 1.0547e-05
22 725.94 669.37 1.1473e-05
23 604.75 640.27 1.1275e-05
24 546.94 613.59 1.0568e-05
25 509.38 589.05 9.8538e-06
26 479.74 566.39 9.2131e-06
27 450.22 545.42 8.6897e-06
28 421.12 525.94 8.2442e-06
29 392.14 507.8 7.8627e-06
30 362.08 490.87 7.5392e-06
32 307.25 460.19 6.9589e-06
34 260.97 433.12 6.4212e-06
36 224.13 409.06 5.9023e-06
38 194.2 387.53 5.4196e-06
40 171.15 368.16 4.9598e-06
45 132.06 327.25 4.0043e-06
50 107.12 294.52 3.2879e-06
55 87.807 267.75 2.7608e-06
60 72.813 245.44 2.3418e-06
65 61.493 226.56 2.0058e-06
70 53.359 210.37 1.739e-06
75 46.298 196.35 1.5243e-06
80 40.441 184.08 1.346e-06
100 25.793 147.26 8.6588e-07
200 6.4823 73.631 2.1734e-07
500 1.0387 29.452 3.4814e-08
