0.2 13359 19406 0.52127
0.22 15650 25299 0.61183
0.24 13596 35882 0.67869
0.26 13283 40982 0.68181
0.28 11057 46486 0.718
0.3 10594 53549 0.71904
0.32 8261.2 53049 0.68363
0.34 5776.4 52831 0.67976
0.36 4080.8 56822 0.69576
0.38 2679.8 58801 0.69941
0.4 1517.3 54193 0.67957
0.42 650.97 47421 0.64184
0.45 343.57 41593 0.59519
0.5 257.16 37604 0.58153
0.55 232.22 31208 0.60409
0.6 184.69 22847 0.59448
0.65 143.64 16932 0.53407
0.7 115.75 13241 0.45648
0.75 98 10727 0.38668
0.8 86.674 8809.9 0.33016
0.9 73.477 5972.6 0.24953
1 64.654 4049.3 0.19667
1.1 55.228 2808.2 0.16019
1.2 45.765 2012.9 0.13378
1.3 37.151 1422.1 0.11311
1.4 29.912 1090.6 0.097841
1.5 25.814 793.28 0.084706
1.6 23.47 620.31 0.074637
1.7 22.366 480.71 0.066066
1.8 21.308 377.18 0.058881
1.9 19.911 299.16 0.052793
2 18.226 249 0.04786
2.2 14.896 167.36 0.039551
2.4 12.554 116.54 0.033231
2.6 11.316 83.992 0.028333
2.8 11.211 61.815 0.024428
3 10.389 46.262 0.021261
3.5 8.9753 24.267 0.015588
4 8.0491 13.758 0.011893
4.5 8.2934 8.1866 0.0093412
5 16.848 5.0282 0.0075018
5.5 24.087 3.1833 0.0061402
6 21.982 1.9867 0.0050828
6.5 23.32 1.2338 0.0042568
7 27.851 0.74878 0.0035985
7.5 41.364 0.36696 0.0030288
8 280.42 0.071394 0.0024863
8.2 708.3 0.081679 0.0022728
8.4 1249 0.23122 0.0020973
8.6 1839.4 0.47995 0.0019456
8.8 2503.8 0.84422 0.001799
9 3167 1.3035 0.0016707
9.2 3617.8 1.7272 0.0015627
9.4 3743.8 2.0262 0.0014887
9.6 3490.1 2.0831 0.0014726
9.8 3025 1.9343 0.001521
10 2586.3 1.7195 0.0015942
10.2 2220.5 1.5213 0.0016678
10.4 1927.4 1.3551 0.0017277
10.6 1670.9 1.2141 0.0017824
10.8 1435.5 1.0859 0.0018318
11 1215.5 0.96511 0.00187
11.2 1022 0.8539 0.0018826
11.4 843.69 0.75397 0.0018745
11.6 677.2 0.65747 0.0018381
11.8 532.12 0.56415 0.0017685
12 423.33 0.47424 0.0016688
12.5 350.12 0.31181 0.0014203
13 359.35 0.22698 0.0012523
13.5 381.54 0.16967 0.0011178
14 408.17 0.13097 0.001009
14.5 437.31 0.10025 0.00091214
15 479.06 0.072931 0.00081897
15.5 608.37 0.05546 0.00072897
16 842.95 0.055713 0.00064982
16.5 1122.5 0.072878 0.00058513
17 1348.6 0.096567 0.00053529
17.5 1491.9 0.11905 0.00049555
18 1515.8 0.13232 0.00046849
18.5 1441.4 0.13404 0.00045407
19 1341.6 0.12843 0.00044438
19.5 1235.4 0.12009 0.00043834
20 1147.5 0.11166 0.00043083
21 978.6 0.097477 0.00042239
22 779.66 0.078417 0.00043494
23 664.75 0.062596 0.00042438
24 597.61 0.05148 0.00040195
25 547.72 0.043424 0.00037926
26 507.37 0.037188 0.0003579
27 468.55 0.032158 0.0003398
28 432.93 0.028024 0.00032374
29 400.25 0.024547 0.0003092
30 367.74 0.02153 0.00029643
32 310.16 0.016705 0.00027325
34 262.19 0.013062 0.00025162
36 224.96 0.010303 0.00023042
38 194.01 0.0082374 0.00021135
40 171.07 0.0066455 0.00019301
45 130.25 0.0040858 0.00015561
50 105.52 0.0026608 0.00012745
55 86.292 0.0018059 0.00010628
60 72.783 0.0012683 8.974e-05
65 61.475 0.00091848 7.6936e-05
70 53.576 0.00068387 6.6751e-05
75 46.417 0.00051894 5.8452e-05
80 39.3 0.0004008 5.1678e-05
100 25.471 0.00016271 3.3138e-05
200 6.3957 1.0051e-05 8.3139e-06
500 1.0246 2.5645e-07 1.3315e-06
