0.2 17685 73631 0.82172
0.22 18382 66937 0.8284
0.24 18332 61359 0.8178
0.26 18192 56639 0.8043
0.28 17820 52594 0.78677
0.3 17153 49087 0.76541
0.32 16151 46019 0.73985
0.34 14866 43312 0.71402
0.36 13489 40906 0.69299
0.38 11797 38753 0.67462
0.4 10291 36816 0.66436
0.42 8966.7 35062 0.65625
0.45 6886.1 32725 0.64317
0.5 4100 29452 0.61549
0.55 2721.7 26775 0.5874
0.6 1833.3 24544 0.55507
0.65 1252.5 22656 0.52591
0.7 950.44 21037 0.49649
0.75 742.3 19635 0.46512
0.8 598.06 18408 0.43437
0.9 442.27 16362 0.38239
1 342.56 14726 0.33795
1.1 251.38 13387 0.2936
1.2 166.61 12272 0.24924
1.3 117.04 11328 0.20877
1.4 86.728 10519 0.17688
1.5 69.74 9817.5 0.15059
1.6 60.941 9203.9 0.13083
1.7 56.236 8662.5 0.11461
1.8 52.456 8181.2 0.10127
1.9 49.033 7750.6 0.090512
2 42.407 7363.1 0.08138
2.2 33.475 6693.7 0.067083
2.4 27.046 6135.9 0.056299
2.6 23.209 5663.9 0.047984
2.8 21.338 5259.4 0.041325
3 19.473 4908.7 0.03593
3.5 16.274 4207.5 0.026399
4 14.202 3681.6 0.020174
4.5 13.239 3272.5 0.015905
5 20.907 2945.2 0.012785
5.5 26.852 2677.5 0.010471
6 24.38 2454.4 0.0086597
6.5 24.223 2265.6 0.0072566
7 28.965 2103.7 0.0061083
7.5 42.796 1963.5 0.0051299
8 363.92 1840.8 0.0042174
8.2 742.18 1795.9 0.0038832
8.4 1198.2 1753.1 0.0035857
8.6 1752.7 1712.4 0.003321
8.8 2423.6 1673.4 0.0030717
9 2823.8 1636.2 0.0029265
9.2 3089.6 1600.7 0.0027637
9.4 3286.7 1566.6 0.0026245
9.6 3164.4 1534 0.0025789
9.8 2843.5 1502.7 0.0026164
10 2541.1 1472.6 0.0026634
10.2 2277.7 1443.7 0.0027115
10.4 2036.2 1416 0.0027658
10.6 1805.9 1389.3 0.0028329
10.8 1584.8 1363.5 0.0029114
11 1362.4 1338.7 0.0029998
11.2 1161.2 1314.8 0.0030589
11.4 975.16 1291.8 0.0030886
11.6 807.24 1269.5 0.0030837
11.8 646.34 1248 0.003028
12 512.38 1227.2 0.00291
12.5 340.84 1178.1 0.0024985
13 320.5 1132.8 0.0021598
13.5 367.28 1090.8 0.0019065
14 415.5 1051.9 0.0017189
14.5 453.38 1015.6 0.0015542
15 495.75 981.75 0.0013922
15.5 627.14 950.08 0.001242
16 856.13 920.39 0.0011092
16.5 1090.8 892.5 0.0010049
17 1277.1 866.25 0.00092345
17.5 1378.9 841.5 0.00086061
18 1392.9 818.12 0.00081601
18.5 1332.7 796.01 0.00078936
19 1251.6 775.06 0.00076958
19.5 1174.5 755.19 0.00075077
20 1119.7 736.31 0.00072617
21 981.93 701.25 0.00069836
22 729.42 669.37 0.00075987
23 607.42 640.27 0.00074712
24 549.13 613.59 0.00070038
25 511.27 589.05 0.00065315
26 481.4 566.39 0.00061074
27 451.7 545.42 0.00057608
28 422.43 525.94 0.00054658
29 393.31 507.8 0.00052132
30 363.12 490.87 0.00049991
32 308.06 460.19 0.00046149
34 261.6 433.12 0.00042588
36 224.63 409.06 0.0003915
38 194.59 387.53 0.00035951
40 171.46 368.16 0.00032902
45 132.25 327.25 0.00026565
50 107.24 294.52 0.00021813
55 87.895 267.75 0.00018316
60 72.874 245.44 0.00015537
65 61.537 226.56 0.00013308
70 53.392 210.37 0.00011538
75 46.323 196.35 0.00010113
80 40.461 184.08 8.9303e-05
100 25.801 147.26 5.7448e-05
200 6.4828 73.631 1.442e-05
500 1.0387 29.452 2.3098e-06
