0.2 25484 73631 0.75508
0.22 27685 66937 0.77344
0.24 27048 61359 0.75445
0.26 25729 56639 0.73951
0.28 25377 52594 0.734
0.3 24681 49087 0.71886
0.32 22078 46019 0.68143
0.34 18253 43312 0.63289
0.36 15267 40906 0.59742
0.38 13565 38753 0.584
0.4 12477 36816 0.58681
0.42 11286 35062 0.59407
0.45 8952.5 32725 0.58754
0.5 5308.1 29452 0.50489
0.55 3236.7 26775 0.40175
0.6 2168.3 24544 0.32105
0.65 1469.9 22656 0.26268
0.7 1058.2 21037 0.22035
0.75 819.04 19635 0.18878
0.8 639.58 18408 0.16422
0.9 449.1 16362 0.12857
1 369.58 14726 0.10332
1.1 281.93 13387 0.085311
1.2 204.94 12272 0.071713
1.3 135.72 11328 0.061036
1.4 100.18 10519 0.052703
1.5 84.145 9817.5 0.045859
1.6 74.025 9203.9 0.040331
1.7 67.726 8662.5 0.035726
1.8 63.089 8181.2 0.031813
1.9 57.772 7750.6 0.028552
2 52.803 7363.1 0.025776
2.2 40.946 6693.7 0.02128
2.4 32.456 6135.9 0.017879
2.6 27.351 5663.9 0.015242
2.8 24.788 5259.4 0.013123
3 22.532 4908.7 0.011412
3.5 18.647 4207.5 0.0083509
4 16.101 3681.6 0.0063751
4.5 14.941 3272.5 0.0050099
5 22.19 2945.2 0.0040242
5.5 29.047 2677.5 0.003291
6 25.81 2454.4 0.0027197
6.5 25.598 2265.6 0.0022746
7 30.554 2103.7 0.0019175
7.5 44.598 1963.5 0.0016069
8 363.39 1840.8 0.0013146
8.2 806.42 1795.9 0.0012054
8.4 1321.3 1753.1 0.0011139
8.6 1880.2 1712.4 0.0010323
8.8 2569 1673.4 0.00095373
9 3028 1636.2 0.00090616
9.2 3079.5 1600.7 0.00087777
9.4 3049.6 1566.6 0.00085442
9.6 2859.2 1534 0.00085023
9.8 2563.7 1502.7 0.00086366
10 2303.6 1472.6 0.00087486
10.2 2093.6 1443.7 0.0008816
10.4 1894 1416 0.00089102
10.6 1699 1389.3 0.00090452
10.8 1499.1 1363.5 0.00092322
11 1299.2 1338.7 0.00094277
11.2 1111 1314.8 0.00095659
11.4 940.23 1291.8 0.00095935
11.6 781.91 1269.5 0.0009523
11.8 638 1248 0.00092958
12 516.23 1227.2 0.00089477
12.5 362.56 1178.1 0.00077505
13 334.9 1132.8 0.00067334
13.5 378.49 1090.8 0.00059476
14 433.34 1051.9 0.0005361
14.5 475.53 1015.6 0.00048564
15 535.93 981.75 0.00043798
15.5 642.51 950.08 0.00039142
16 845.62 920.39 0.00035117
16.5 1061.5 892.5 0.00031877
17 1226.4 866.25 0.00029322
17.5 1324.6 841.5 0.00027344
18 1347.1 818.12 0.00025882
18.5 1301.3 796.01 0.00024937
19 1235.6 775.06 0.00024176
19.5 1175.5 755.19 0.00023402
20 1126 736.31 0.00022574
21 977.9 701.25 0.0002183
22 720.94 669.37 0.00023986
23 583.82 640.27 0.00024039
24 515.45 613.59 0.00022727
25 472.84 589.05 0.0002123
26 442.8 566.39 0.00019792
27 415.79 545.42 0.00018602
28 390.32 525.94 0.00017564
29 365.07 507.8 0.00016677
30 339.1 490.87 0.00015919
32 289.85 460.19 0.00014611
34 246.19 433.12 0.00013458
36 209.69 409.06 0.00012365
38 179.79 387.53 0.00011337
40 157.12 368.16 0.00010354
45 120.81 327.25 8.2864e-05
50 96.125 294.52 6.7872e-05
55 78.259 267.75 5.6589e-05
60 68.393 245.44 4.7691e-05
65 56.539 226.56 4.0903e-05
70 48.661 210.37 3.5491e-05
75 43.232 196.35 3.0936e-05
80 37.387 184.08 2.7421e-05
100 24.369 147.26 1.7627e-05
200 6.1191 73.631 4.4219e-06
500 0.98025 29.452 7.0819e-07
