0.2 10983 73631 0.67623
0.22 17255 66937 0.72189
0.24 15970 61359 0.70214
0.26 15839 56639 0.71546
0.28 16131 52594 0.71961
0.3 14364 49087 0.69198
0.32 11022 46019 0.63999
0.34 7965.2 43312 0.59543
0.36 6105 40906 0.57684
0.38 5046.6 38753 0.58073
0.4 4209.9 36816 0.59393
0.42 2917.8 35062 0.60047
0.45 1655.1 32725 0.57899
0.5 672.29 29452 0.47994
0.55 396.98 26775 0.38064
0.6 279.49 24544 0.30639
0.65 222.22 22656 0.25291
0.7 184.25 21037 0.2133
0.75 157.65 19635 0.18311
0.8 138.8 18408 0.15971
0.9 113.15 16362 0.1249
1 95.46 14726 0.10073
1.1 78.909 13387 0.083196
1.2 63.647 12272 0.070008
1.3 51.291 11328 0.059492
1.4 41.324 10519 0.051574
1.5 35.79 9817.5 0.044756
1.6 32.48 9203.9 0.039425
1.7 30.775 8662.5 0.034896
1.8 29.323 8181.2 0.031103
1.9 27.399 7750.6 0.027884
2 25.401 7363.1 0.025205
2.2 20.611 6693.7 0.020766
2.4 17.021 6135.9 0.017438
2.6 14.878 5663.9 0.01489
2.8 14.153 5259.4 0.012815
3 13.092 4908.7 0.011157
3.5 11.223 4207.5 0.008166
4 9.8524 3681.6 0.0062466
4.5 9.5897 3272.5 0.0049107
5 17.4 2945.2 0.0039507
5.5 23.992 2677.5 0.0032311
6 21.811 2454.4 0.0026711
6.5 22.412 2265.6 0.0022394
7 27.444 2103.7 0.0018871
7.5 40.426 1963.5 0.001586
8 344.93 1840.8 0.001302
8.2 811.53 1795.9 0.0011929
8.4 1296.4 1753.1 0.0011009
8.6 1850.3 1712.4 0.0010209
8.8 2482.1 1673.4 0.00094287
9 3139.3 1636.2 0.00087533
9.2 3515.2 1600.7 0.00082305
9.4 3539.7 1566.6 0.00079385
9.6 3238.3 1534 0.00079523
9.8 2886 1502.7 0.00080928
10 2544.2 1472.6 0.00083147
10.2 2243.5 1443.7 0.00085549
10.4 1971.6 1416 0.00088294
10.6 1703.1 1389.3 0.00091597
10.8 1470.1 1363.5 0.00094399
11 1256.9 1338.7 0.00096564
11.2 1064.1 1314.8 0.00097748
11.4 887.84 1291.8 0.00097948
11.6 719.57 1269.5 0.00096857
11.8 556.15 1248 0.00093905
12 438.48 1227.2 0.00088961
12.5 350.26 1178.1 0.00075566
13 346.66 1132.8 0.00066183
13.5 381.32 1090.8 0.00058812
14 413.1 1051.9 0.00053275
14.5 451.72 1015.6 0.0004795
15 474.14 981.75 0.00043179
15.5 618.87 950.08 0.00038434
16 825.38 920.39 0.00034284
16.5 1097.6 892.5 0.00030823
17 1324.7 866.25 0.00028104
17.5 1465.8 841.5 0.00025968
18 1499.7 818.12 0.00024463
18.5 1422.7 796.01 0.00023724
19 1326.3 775.06 0.00023182
19.5 1217.2 755.19 0.00022919
20 1108.3 736.31 0.00022839
21 925.02 701.25 0.00022744
22 741.91 669.37 0.00023289
23 633.25 640.27 0.00022668
24 567.51 613.59 0.00021451
25 524.41 589.05 0.0002011
26 492.84 566.39 0.00018819
27 461.19 545.42 0.00017782
28 432.33 525.94 0.00016866
29 399.56 507.8 0.00016186
30 362.67 490.87 0.00015633
32 302.94 460.19 0.0001444
34 257.81 433.12 0.00013249
36 221.84 409.06 0.00012156
38 190.72 387.53 0.00011165
40 169.26 368.16 0.00010159
45 134.74 327.25 8.1647e-05
50 104.66 294.52 6.7648e-05
55 87.264 267.75 5.6299e-05
60 72.147 245.44 4.7766e-05
65 61.233 226.56 4.0844e-05
70 52.928 210.37 3.5419e-05
75 47.286 196.35 3.0966e-05
80 39.889 184.08 2.7485e-05
100 25.452 147.26 1.7624e-05
200 6.3936 73.631 4.4226e-06
500 1.0243 29.452 7.0837e-07
