0.2 7682.3 73631 0.8493
0.22 9850 66937 0.85418
0.24 10335 61359 0.80265
0.26 10664 56639 0.75417
0.28 10239 52594 0.69038
0.3 10269 49087 0.65083
0.32 8791.7 46019 0.60151
0.34 7915.1 43312 0.60479
0.36 6697.8 40906 0.58651
0.38 4734.7 38753 0.63998
0.4 4392.7 36816 0.65226
0.42 3359.6 35062 0.62597
0.45 1747.7 32725 0.68323
0.5 1082 29452 0.67731
0.55 574.9 26775 0.66184
0.6 478.66 24544 0.69396
0.65 440.05 22656 0.6861
0.7 326.61 21037 0.63584
0.75 259.55 19635 0.59254
0.8 240.84 18408 0.5764
0.9 235.68 16362 0.59905
1 193.02 14726 0.59209
1.1 141.8 13387 0.51616
1.2 104.82 12272 0.42555
1.3 79.15 11328 0.3476
1.4 61.978 10519 0.29216
1.5 51.702 9817.5 0.24685
1.6 45.845 9203.9 0.21368
1.7 42.354 8662.5 0.18674
1.8 39.427 8181.2 0.16499
1.9 36.044 7750.6 0.14703
2 32.834 7363.1 0.13237
2.2 25.687 6693.7 0.10856
2.4 20.614 6135.9 0.091008
2.6 17.619 5663.9 0.077675
2.8 16.412 5259.4 0.06688
3 14.925 4908.7 0.058265
3.5 12.378 4207.5 0.042737
4 10.633 3681.6 0.032754
4.5 10.183 3272.5 0.025793
5 18.252 2945.2 0.020779
5.5 24.927 2677.5 0.017014
6 22.48 2454.4 0.01408
6.5 22.958 2265.6 0.011814
7 27.958 2103.7 0.0099634
7.5 40.955 1963.5 0.0083816
8 346.79 1840.8 0.006893
8.2 812.95 1795.9 0.0063224
8.4 1295.5 1753.1 0.0058391
8.6 1846.8 1712.4 0.0054177
8.8 2476.5 1673.4 0.0050053
9 3139 1636.2 0.0046451
9.2 3528.2 1600.7 0.0043633
9.4 3570.6 1566.6 0.0042015
9.6 3280.2 1534 0.0042013
9.8 2931.5 1502.7 0.0042697
10 2589.3 1472.6 0.0043827
10.2 2286.3 1443.7 0.0045071
10.4 2011.5 1416 0.0046504
10.6 1738.8 1389.3 0.0048252
10.8 1501.5 1363.5 0.0049749
11 1283.9 1338.7 0.0050919
11.2 1086.6 1314.8 0.0051576
11.4 906.22 1291.8 0.0051712
11.6 733.9 1269.5 0.0051161
11.8 566.53 1248 0.0049619
12 445.95 1227.2 0.0047012
12.5 354.88 1178.1 0.0039936
13 350.39 1132.8 0.003498
13.5 384.74 1090.8 0.0031088
14 416.32 1051.9 0.0028165
14.5 454.69 1015.6 0.0025353
15 476.71 981.75 0.0022834
15.5 621.49 950.08 0.0020328
16 828.15 920.39 0.0018136
16.5 1100.9 892.5 0.0016306
17 1329 866.25 0.0014866
17.5 1471.3 841.5 0.0013734
18 1506.5 818.12 0.0012933
18.5 1430.1 796.01 0.0012539
19 1333.7 775.06 0.001225
19.5 1224.3 755.19 0.0012109
20 1115 736.31 0.0012065
21 930.81 701.25 0.0012014
22 746.5 669.37 0.0012306
23 636.91 640.27 0.0011981
24 570.54 613.59 0.001134
25 527.01 589.05 0.0010632
26 495.13 566.39 0.00099507
27 463.22 545.42 0.00094027
28 434.15 525.94 0.00089191
29 401.19 507.8 0.00085601
30 364.1 490.87 0.00082681
32 304.02 460.19 0.00076385
34 258.65 433.12 0.00070091
36 222.5 409.06 0.00064316
38 191.23 387.53 0.00059077
40 169.67 368.16 0.00053753
45 135 327.25 0.00043205
50 104.83 294.52 0.00035798
55 87.379 267.75 0.00029793
60 72.228 245.44 0.00025278
65 61.291 226.56 0.00021615
70 52.971 210.37 0.00018744
75 47.32 196.35 0.00016387
80 39.914 184.08 0.00014545
100 25.462 147.26 9.3269e-05
200 6.3942 73.631 2.3405e-05
500 1.0244 29.452 3.7487e-06
