0.2 5895.9 73631 0.12757
0.22 8931.7 66937 0.10409
0.24 9094.6 61359 0.087068
0.26 8894.7 56639 0.074138
0.28 7922.3 52594 0.064078
0.3 6626 49087 0.055933
0.32 5250.3 46019 0.049264
0.34 3838.6 43312 0.043664
0.36 2773.9 40906 0.038884
0.38 2077.7 38753 0.034832
0.4 1608.7 36816 0.031378
0.42 1087.7 35062 0.028418
0.45 661.62 32725 0.024706
0.5 320.66 29452 0.019952
0.55 213.12 26775 0.016476
0.6 161.86 24544 0.013835
0.65 136 22656 0.011781
0.7 118.09 21037 0.010148
0.75 105.18 19635 0.0088308
0.8 95.723 18408 0.007769
0.9 82.923 16362 0.0061293
1 73.458 14726 0.0049576
1.1 63.102 13387 0.0040957
1.2 52.474 12272 0.0034438
1.3 43.469 11328 0.0029225
1.4 35.678 10519 0.0025305
1.5 31.512 9817.5 0.0021926
1.6 28.997 9203.9 0.0019291
1.7 27.828 8662.5 0.0017054
1.8 26.804 8181.2 0.0015184
1.9 25.279 7750.6 0.0013599
2 23.607 7363.1 0.0012283
2.2 19.409 6693.7 0.0010104
2.4 16.183 6135.9 0.00084757
2.6 14.245 5663.9 0.00072307
2.8 13.636 5259.4 0.00062186
3 12.674 4908.7 0.00054105
3.5 10.961 4207.5 0.00039554
4 9.6767 3681.6 0.00030235
4.5 9.4566 3272.5 0.00023756
5 17.208 2945.2 0.00019104
5.5 23.782 2677.5 0.00015619
6 21.661 2454.4 0.00012909
6.5 22.29 2265.6 0.0001082
7 27.328 2103.7 9.1163e-05
7.5 40.307 1963.5 7.6601e-05
8 344.49 1840.8 6.286e-05
8.2 811.09 1795.9 5.7582e-05
8.4 1296.3 1753.1 5.313e-05
8.6 1850.5 1712.4 4.9268e-05
8.8 2482.4 1673.4 4.55e-05
9 3137.9 1636.2 4.2246e-05
9.2 3510.4 1600.7 3.9733e-05
9.4 3531 1566.6 3.8339e-05
9.6 3227.6 1534 3.8421e-05
9.8 2874.8 1502.7 3.9111e-05
10 2533.4 1472.6 4.0191e-05
10.2 2233.5 1443.7 4.1355e-05
10.4 1962.3 1416 4.2683e-05
10.6 1694.9 1389.3 4.4277e-05
10.8 1462.9 1363.5 4.5627e-05
11 1250.9 1338.7 4.6666e-05
11.2 1059 1314.8 4.723e-05
11.4 883.72 1291.8 4.732e-05
11.6 716.37 1269.5 4.6787e-05
11.8 553.84 1248 4.5357e-05
12 436.82 1227.2 4.2967e-05
12.5 349.23 1178.1 3.6497e-05
13 345.83 1132.8 3.1964e-05
13.5 380.55 1090.8 2.8403e-05
14 412.37 1051.9 2.5728e-05
14.5 451.05 1015.6 2.3156e-05
15 473.56 981.75 2.0851e-05
15.5 618.27 950.08 1.8559e-05
16 824.73 920.39 1.6555e-05
16.5 1096.8 892.5 1.4883e-05
17 1323.7 866.25 1.3571e-05
17.5 1464.4 841.5 1.254e-05
18 1498.1 818.12 1.1814e-05
18.5 1421 796.01 1.1458e-05
19 1324.7 775.06 1.1197e-05
19.5 1215.5 755.19 1.107e-05
20 1106.7 736.31 1.1032e-05
21 923.72 701.25 1.0986e-05
22 740.88 669.37 1.1249e-05
23 632.43 640.27 1.0948e-05
24 566.84 613.59 1.0359e-05
25 523.83 589.05 9.7114e-06
26 492.33 566.39 9.088e-06
27 460.74 545.42 8.5868e-06
28 431.92 525.94 8.1445e-06
29 399.2 507.8 7.816e-06
30 362.36 490.87 7.5487e-06
32 302.69 460.19 6.9726e-06
34 257.62 433.12 6.3971e-06
36 221.7 409.06 5.8695e-06
38 190.6 387.53 5.3909e-06
40 169.17 368.16 4.9049e-06
45 134.68 327.25 3.9421e-06
50 104.63 294.52 3.2662e-06
55 87.239 267.75 2.7182e-06
60 72.13 245.44 2.3062e-06
65 61.22 226.56 1.972e-06
70 52.918 210.37 1.7101e-06
75 47.278 196.35 1.4951e-06
80 39.883 184.08 1.327e-06
100 25.449 147.26 8.5092e-07
200 6.3934 73.631 2.1353e-07
500 1.0243 29.452 3.4201e-08
