0.2 10928 73631 0.60479
0.22 15497 66937 0.58834
0.24 17345 61359 0.59881
0.26 17667 56639 0.60265
0.28 15564 52594 0.57452
0.3 12464 49087 0.51834
0.32 9426.5 46019 0.45177
0.34 6609.9 43312 0.388
0.36 4590.6 40906 0.33343
0.38 3322.9 38753 0.28971
0.4 2497.5 36816 0.2548
0.42 1647.5 35062 0.22636
0.45 967.65 32725 0.193
0.5 445.09 29452 0.1531
0.55 283.35 26775 0.12543
0.6 207.49 24544 0.10496
0.65 169.08 22656 0.089269
0.7 143.02 21037 0.076886
0.75 124.6 19635 0.066944
0.8 111.41 18408 0.058939
0.9 93.699 16362 0.046587
1 81.196 14726 0.037748
1.1 68.611 13387 0.031234
1.2 56.343 12272 0.026297
1.3 46.169 11328 0.022342
1.4 37.62 10519 0.019362
1.5 32.981 9817.5 0.016791
1.6 30.191 9203.9 0.014782
1.7 28.837 8662.5 0.013076
1.8 27.666 8181.2 0.011648
1.9 26.004 7750.6 0.010437
2 24.22 7363.1 0.0094294
2.2 19.819 6693.7 0.0077617
2.4 16.469 6135.9 0.0065135
2.6 14.461 5663.9 0.0055587
2.8 13.812 5259.4 0.0047819
3 12.817 4908.7 0.0041615
3.5 11.05 4207.5 0.0030436
4 9.7365 3681.6 0.0023271
4.5 9.5019 3272.5 0.0018288
5 17.274 2945.2 0.0014709
5.5 23.853 2677.5 0.0012027
6 21.712 2454.4 0.00099412
6.5 22.331 2265.6 0.00083331
7 27.368 2103.7 0.00070214
7.5 40.347 1963.5 0.00059002
8 344.64 1840.8 0.00048425
8.2 811.25 1795.9 0.00044362
8.4 1296.4 1753.1 0.00040934
8.6 1850.5 1712.4 0.00037959
8.8 2482.4 1673.4 0.00035056
9 3138.5 1636.2 0.00032548
9.2 3512.2 1600.7 0.00030609
9.4 3534.1 1566.6 0.00029531
9.6 3231.3 1534 0.0002959
9.8 2878.7 1502.7 0.00030118
10 2537.1 1472.6 0.00030948
10.2 2236.9 1443.7 0.00031844
10.4 1965.5 1416 0.00032866
10.6 1697.7 1389.3 0.00034094
10.8 1465.4 1363.5 0.00035135
11 1252.9 1338.7 0.00035937
11.2 1060.8 1314.8 0.00036374
11.4 885.13 1291.8 0.00036445
11.6 717.46 1269.5 0.00036036
11.8 554.63 1248 0.00034936
12 437.39 1227.2 0.00033095
12.5 349.59 1178.1 0.00028112
13 346.11 1132.8 0.00024621
13.5 380.81 1090.8 0.00021878
14 412.62 1051.9 0.00019818
14.5 451.28 1015.6 0.00017837
15 473.76 981.75 0.00016062
15.5 618.47 950.08 0.00014296
16 824.95 920.39 0.00012752
16.5 1097.1 892.5 0.00011465
17 1324 866.25 0.00010454
17.5 1464.9 841.5 9.6596e-05
18 1498.6 818.12 9.1001e-05
18.5 1421.6 796.01 8.8257e-05
19 1325.2 775.06 8.6243e-05
19.5 1216.1 755.19 8.5268e-05
20 1107.2 736.31 8.4969e-05
21 924.16 701.25 8.4619e-05
22 741.23 669.37 8.6643e-05
23 632.71 640.27 8.4327e-05
24 567.07 613.59 7.9795e-05
25 524.03 589.05 7.4806e-05
26 492.5 566.39 7.0004e-05
27 460.89 545.42 6.6144e-05
28 432.06 525.94 6.2737e-05
29 399.32 507.8 6.0207e-05
30 362.46 490.87 5.8148e-05
32 302.78 460.19 5.3711e-05
34 257.69 433.12 4.9279e-05
36 221.75 409.06 4.5214e-05
38 190.64 387.53 4.1528e-05
40 169.2 368.16 3.7784e-05
45 134.7 327.25 3.0368e-05
50 104.64 294.52 2.5161e-05
55 87.247 267.75 2.094e-05
60 72.136 245.44 1.7766e-05
65 61.225 226.56 1.5191e-05
70 52.921 210.37 1.3173e-05
75 47.281 196.35 1.1517e-05
80 39.885 184.08 1.0223e-05
100 25.45 147.26 6.5551e-06
200 6.3935 73.631 1.6449e-06
500 1.0243 29.452 2.6347e-07
