0.2 16101 27337 0.54278
0.22 15393 38631 0.66877
0.24 14652 44236 0.67749
0.26 12701 52602 0.72228
0.28 12865 56729 0.71349
0.3 9810.6 54844 0.68349
0.32 7515.9 57535 0.69216
0.34 6491.1 60700 0.70558
0.36 4602.6 58980 0.69236
0.38 2455.2 52457 0.65124
0.4 1226.5 47460 0.60901
0.42 562.65 45026 0.58296
0.45 357.09 42633 0.5768
0.5 278.24 34565 0.60351
0.55 212.7 24615 0.58937
0.6 157.75 17868 0.5176
0.65 125.12 13750 0.43264
0.7 104.23 10905 0.36047
0.75 90.293 8773.8 0.30457
0.8 80.89 7097.4 0.26145
0.9 69.315 4667.1 0.20034
1 61.278 3098.6 0.15949
1.1 52.534 2121.9 0.13071
1.2 43.682 1509.5 0.10957
1.3 35.619 1062.3 0.092844
1.4 28.76 812.11 0.080419
1.5 24.925 590.22 0.069679
1.6 22.725 461.02 0.061425
1.7 21.72 357.14 0.054384
1.8 20.747 280.19 0.048476
1.9 19.433 222.24 0.043465
2 17.818 184.93 0.039404
2.2 14.614 124.32 0.032559
2.4 12.35 86.59 0.027353
2.6 11.157 62.423 0.023317
2.8 11.074 45.952 0.020101
3 10.278 34.398 0.017492
3.5 8.9043 18.052 0.012821
4 8.0006 10.237 0.0097799
4.5 8.2546 6.0934 0.00768
5 16.786 3.7434 0.0061669
5.5 24.016 2.3703 0.0050471
6 21.932 1.4795 0.0041776
6.5 23.278 0.91898 0.0034985
7 27.812 0.55778 0.0029572
7.5 41.323 0.27341 0.0024889
8 280.32 0.053213 0.0020428
8.2 708.27 0.060893 0.0018672
8.4 1249.2 0.1724 0.0017229
8.6 1839.8 0.35787 0.0015982
8.8 2504.4 0.62946 0.0014778
9 3167.2 0.97171 0.0013724
9.2 3617 1.2871 0.0012838
9.4 3741.4 1.5093 0.0012232
9.6 3486.5 1.5511 0.0012101
9.8 3021 1.4399 0.0012501
10 2582.4 1.2799 0.0013104
10.2 2217 1.1323 0.0013709
10.4 1924.2 1.0086 0.0014202
10.6 1668.1 0.90361 0.001465
10.8 1433.1 0.80822 0.0015056
11 1213.4 0.71832 0.0015369
11.2 1020.3 0.63556 0.0015472
11.4 842.34 0.5612 0.0015405
11.6 676.17 0.48939 0.0015105
11.8 531.36 0.41995 0.0014532
12 422.78 0.35304 0.0013713
12.5 349.78 0.23216 0.0011672
13 359.06 0.16901 0.0010291
13.5 381.28 0.12634 0.00091856
14 407.93 0.097534 0.00082913
14.5 437.09 0.074658 0.00074951
15 478.86 0.054316 0.00067294
15.5 608.18 0.041306 0.00059899
16 842.75 0.041497 0.00053394
16.5 1122.3 0.054281 0.00048079
17 1348.3 0.071923 0.00043984
17.5 1491.4 0.08866 0.00040719
18 1515.2 0.098542 0.00038497
18.5 1440.9 0.099819 0.00037313
19 1341 0.095633 0.00036517
19.5 1234.9 0.089425 0.00036021
20 1147 0.083143 0.00035404
21 978.13 0.072583 0.00034711
22 779.29 0.058392 0.00035742
23 664.45 0.046612 0.00034873
24 597.36 0.038335 0.00033029
25 547.5 0.032336 0.00031165
26 507.18 0.027693 0.00029409
27 468.39 0.023948 0.00027921
28 432.79 0.020869 0.00026602
29 400.13 0.01828 0.00025407
30 367.63 0.016034 0.00024358
32 310.07 0.01244 0.00022453
34 262.12 0.0097273 0.00020675
36 224.91 0.0076727 0.00018933
38 193.97 0.0061347 0.00017366
40 171.04 0.0049492 0.00015859
45 130.23 0.0030429 0.00012786
50 105.51 0.0019817 0.00010472
55 86.284 0.001345 8.7322e-05
60 72.777 0.00094461 7.3735e-05
65 61.47 0.00068406 6.3215e-05
70 53.573 0.00050933 5.4847e-05
75 46.414 0.00038649 4.8027e-05
80 39.298 0.00029851 4.2462e-05
100 25.471 0.00012118 2.7228e-05
200 6.3957 7.4857e-06 6.8312e-06
500 1.0246 1.91e-07 1.0941e-06
