0.2 33215 73631 0.66082
0.22 33786 66937 0.62263
0.24 33099 61359 0.60489
0.26 32214 56639 0.59576
0.28 29539 52594 0.57401
0.3 25419 49087 0.53063
0.32 20718 46019 0.47225
0.34 16299 43312 0.40989
0.36 12802 40906 0.35311
0.38 9740.5 38753 0.30549
0.4 7617.4 36816 0.267
0.42 6115 35062 0.23623
0.45 4230.9 32725 0.19988
0.5 2241.5 29452 0.15715
0.55 1403.7 26775 0.12835
0.6 923.47 24544 0.10705
0.65 630.13 22656 0.09085
0.7 475.29 21037 0.07823
0.75 375.23 19635 0.06813
0.8 311.07 18408 0.059876
0.9 238.23 16362 0.04743
1 192.72 14726 0.038297
1.1 150.13 13387 0.031662
1.2 106.44 12272 0.026633
1.3 79.496 11328 0.022659
1.4 61.287 10519 0.019591
1.5 51.249 9817.5 0.017007
1.6 45.96 9203.9 0.014978
1.7 43.506 8662.5 0.013255
1.8 41.545 8181.2 0.011795
1.9 39.56 7750.6 0.010591
2 34.811 7363.1 0.0095525
2.2 28.269 6693.7 0.0079003
2.4 23.384 6135.9 0.0066372
2.6 20.453 5663.9 0.0056565
2.8 19.117 5259.4 0.0048683
3 17.691 4908.7 0.0042289
3.5 15.152 4207.5 0.0030999
4 13.446 3681.6 0.0023641
4.5 12.681 3272.5 0.0018607
5 20.208 2945.2 0.0014936
5.5 26.132 2677.5 0.0012219
6 23.862 2454.4 0.0010095
6.5 23.812 2265.6 0.00084527
7 28.586 2103.7 0.00071094
7.5 42.4 1963.5 0.00059653
8 362.37 1840.8 0.00048963
8.2 740.57 1795.9 0.00045045
8.4 1197.6 1753.1 0.00041565
8.6 1753.3 1712.4 0.00038477
8.8 2424.3 1673.4 0.00035582
9 2818.6 1636.2 0.00033928
9.2 3079.8 1600.7 0.00032057
9.4 3268.9 1566.6 0.00030472
9.6 3138.9 1534 0.00029986
9.8 2814.9 1502.7 0.00030462
10 2512.7 1472.6 0.00031032
10.2 2250.2 1443.7 0.00031608
10.4 2010.4 1416 0.00032249
10.6 1782.1 1389.3 0.00033032
10.8 1563.3 1363.5 0.00033941
11 1343.5 1338.7 0.00034958
11.2 1145.2 1314.8 0.00035627
11.4 961.91 1291.8 0.00035951
11.6 796.54 1269.5 0.00035877
11.8 638.17 1248 0.00035214
12 506.36 1227.2 0.00033834
12.5 337.69 1178.1 0.00029047
13 318.13 1132.8 0.00025107
13.5 365.03 1090.8 0.0002216
14 413.31 1051.9 0.00019978
14.5 451.33 1015.6 0.00018062
15 493.91 981.75 0.00016176
15.5 625.29 950.08 0.00014429
16 854.03 920.39 0.00012885
16.5 1088.3 892.5 0.00011674
17 1274 866.25 0.00010728
17.5 1375.1 841.5 0.0001
18 1388.5 818.12 9.4841e-05
18.5 1328.1 796.01 9.1764e-05
19 1247 775.06 8.9478e-05
19.5 1170.1 755.19 8.7299e-05
20 1115.4 736.31 8.4444e-05
21 977.87 701.25 8.1236e-05
22 726.3 669.37 8.8367e-05
23 605.03 640.27 8.685e-05
24 547.16 613.59 8.14e-05
25 509.58 589.05 7.5902e-05
26 479.91 566.39 7.0968e-05
27 450.37 545.42 6.6936e-05
28 421.25 525.94 6.3505e-05
29 392.26 507.8 6.0567e-05
30 362.18 490.87 5.8075e-05
32 307.33 460.19 5.3606e-05
34 261.04 433.12 4.9464e-05
36 224.18 409.06 4.5467e-05
38 194.24 387.53 4.1749e-05
40 171.18 368.16 3.8207e-05
45 132.08 327.25 3.0847e-05
50 107.13 294.52 2.5328e-05
55 87.816 267.75 2.1267e-05
60 72.819 245.44 1.804e-05
65 61.498 226.56 1.5452e-05
70 53.362 210.37 1.3396e-05
75 46.3 196.35 1.1742e-05
80 40.443 184.08 1.0369e-05
100 25.793 147.26 6.6703e-06
200 6.4824 73.631 1.6743e-06
500 1.0387 29.452 2.6819e-07
