0.2 12318 52046 0.38345
0.22 12218 35422 0.29615
0.24 10153 25320 0.23729
0.26 8495 18370 0.1959
0.28 7204.7 13668 0.16575
0.3 5641.4 10376 0.14261
0.32 4150 7936.5 0.12415
0.34 3049 6120.3 0.10916
0.36 1918.9 4773.9 0.096783
0.38 1069.3 3775.6 0.086493
0.4 582.09 3024.1 0.077838
0.42 272.93 2444.6 0.070432
0.45 161.13 1817.2 0.06124
0.5 111.86 1155.8 0.04949
0.55 91.635 779.12 0.040921
0.6 77.598 541.84 0.034377
0.65 68.253 387.79 0.029278
0.7 60.924 284.92 0.025237
0.75 55.329 214.83 0.021991
0.8 51.416 165.34 0.019339
0.9 46.822 102.22 0.015284
1 43.645 65.936 0.012361
1.1 39.104 44.539 0.010208
1.2 33.699 31.465 0.0085851
1.3 28.454 22.157 0.007282
1.4 23.498 16.89 0.0063088
1.5 20.909 12.323 0.0054616
1.6 19.398 9.6275 0.0048109
1.7 18.857 7.4733 0.0042551
1.8 18.277 5.8749 0.0037888
1.9 17.339 4.669 0.0033936
2 16.04 3.8859 0.0030742
2.2 13.39 2.6197 0.0025358
2.4 11.471 1.8288 0.0021273
2.6 10.474 1.3207 0.0018113
2.8 10.486 0.97365 0.0015598
3 9.8013 0.72981 0.0013562
3.5 8.6006 0.38389 0.00099251
4 7.7932 0.21806 0.00075626
4.5 8.0887 0.12995 0.00059341
5 16.521 0.07991 0.00047621
5.5 23.715 0.050635 0.00038956
6 21.715 0.031629 0.00032232
6.5 23.097 0.019658 0.00026984
7 27.645 0.011938 0.00022803
7.5 41.152 0.0058562 0.00019185
8 279.88 0.0011416 0.00015737
8.2 708.09 0.0013076 0.00014379
8.4 1249.8 0.0037041 0.00013264
8.6 1841.4 0.0076896 0.00012303
8.8 2506.5 0.013522 0.00011375
9 3167.2 0.020854 0.00010566
9.2 3612.1 0.027583 9.8866e-05
9.4 3729.9 0.032287 9.4255e-05
9.6 3469.9 0.033129 9.3313e-05
9.8 3003 0.030723 9.6459e-05
10 2565.4 0.027296 0.00010114
10.2 2201.6 0.024144 0.00010582
10.4 1910.5 0.021504 0.00010962
10.6 1656 0.019266 0.00011307
10.8 1422.6 0.017233 0.00011619
11 1204.7 0.015317 0.00011857
11.2 1013.1 0.013554 0.00011934
11.4 836.57 0.01197 0.0001188
11.6 671.77 0.01044 0.00011646
11.8 528.15 0.0089609 0.00011204
12 420.47 0.0075353 0.00010572
12.5 348.29 0.0049581 8.9975e-05
13 357.79 0.0036108 7.9327e-05
13.5 380.15 0.0027 7.0804e-05
14 406.9 0.0020848 6.3908e-05
14.5 436.15 0.0015961 5.7769e-05
15 478.03 0.0011615 5.1864e-05
15.5 607.37 0.00088348 4.6161e-05
16 841.86 0.00088768 4.1146e-05
16.5 1121.2 0.0011612 3.7049e-05
17 1346.8 0.0015383 3.3895e-05
17.5 1489.5 0.0018958 3.1382e-05
18 1512.9 0.0021065 2.9672e-05
18.5 1438.4 0.0021334 2.8762e-05
19 1338.5 0.0020437 2.8151e-05
19.5 1232.5 0.0019109 2.777e-05
20 1144.7 0.0017766 2.7295e-05
21 976.12 0.0015509 2.6762e-05
22 777.69 0.0012477 2.7554e-05
23 663.18 0.00099609 2.6882e-05
24 596.3 0.00081928 2.5459e-05
25 546.59 0.00069111 2.4021e-05
26 506.38 0.00059189 2.2667e-05
27 467.69 0.00051187 2.152e-05
28 432.17 0.00044608 2.0502e-05
29 399.58 0.00039076 1.9581e-05
30 367.15 0.00034274 1.8771e-05
32 309.7 0.00026594 1.7303e-05
34 261.84 0.00020796 1.5932e-05
36 224.69 0.00016404 1.4589e-05
38 193.8 0.00013116 1.3381e-05
40 170.9 0.00010582 1.222e-05
45 130.15 6.5065e-05 9.8518e-06
50 105.46 4.2376e-05 8.0689e-06
55 86.246 2.8762e-05 6.7283e-06
60 72.75 2.02e-05 5.6814e-06
65 61.451 1.4629e-05 4.8708e-06
70 53.559 1.0892e-05 4.226e-06
75 46.403 8.2655e-06 3.7005e-06
80 39.29 6.384e-06 3.2717e-06
100 25.467 2.5917e-06 2.0979e-06
200 6.3955 1.601e-07 5.2635e-07
500 1.0246 4.085e-09 8.4299e-08
