0.2 22045 73631 0.75243
0.22 22835 66937 0.78599
0.24 22908 61359 0.78305
0.26 22253 56639 0.77713
0.28 22396 52594 0.76894
0.3 21425 49087 0.74449
0.32 19168 46019 0.71988
0.34 17425 43312 0.71498
0.36 16468 40906 0.71621
0.38 14942 38753 0.69985
0.4 12409 36816 0.66157
0.42 10004 35062 0.61998
0.45 7847.1 32725 0.58261
0.5 6232.7 29452 0.58667
0.55 4517.4 26775 0.5952
0.6 2955.9 24544 0.54639
0.65 1875.6 22656 0.46314
0.7 1288.6 21037 0.38483
0.75 972.67 19635 0.32333
0.8 749.25 18408 0.27605
0.9 518.04 16362 0.21039
1 419.9 14726 0.1664
1.1 316.48 13387 0.1362
1.2 227.45 12272 0.11392
1.3 148.95 11328 0.096689
1.4 108.92 10519 0.083364
1.5 90.673 9817.5 0.072483
1.6 79.177 9203.9 0.063726
1.7 71.963 8662.5 0.056446
1.8 66.63 8181.2 0.050267
1.9 60.711 7750.6 0.045122
2 55.249 7363.1 0.040743
2.2 42.527 6693.7 0.033651
2.4 33.519 6135.9 0.028284
2.6 28.12 5663.9 0.024122
2.8 25.39 5259.4 0.020777
3 23.008 4908.7 0.018073
3.5 18.935 4207.5 0.013234
4 16.29 3681.6 0.010107
4.5 15.078 3272.5 0.0079451
5 22.35 2945.2 0.0063835
5.5 29.214 2677.5 0.0052214
6 25.927 2454.4 0.0043158
6.5 25.69 2265.6 0.0036099
7 30.64 2103.7 0.0030435
7.5 44.686 1963.5 0.0025509
8 363.71 1840.8 0.0020873
8.2 806.77 1795.9 0.0019143
8.4 1321.5 1753.1 0.0017691
8.6 1880.3 1712.4 0.0016395
8.8 2569.3 1673.4 0.0015148
9 3030 1636.2 0.001439
9.2 3083 1600.7 0.0013937
9.4 3054.4 1566.6 0.0013564
9.6 2864.9 1534 0.0013495
9.8 2569.6 1502.7 0.0013706
10 2309.3 1472.6 0.0013883
10.2 2098.9 1443.7 0.001399
10.4 1899 1416 0.0014139
10.6 1703.7 1389.3 0.0014353
10.8 1503.4 1363.5 0.001465
11 1302.9 1338.7 0.0014962
11.2 1114.1 1314.8 0.0015182
11.4 942.85 1291.8 0.0015227
11.6 784.02 1269.5 0.0015116
11.8 639.64 1248 0.0014756
12 517.46 1227.2 0.0014204
12.5 363.25 1178.1 0.0012304
13 335.42 1132.8 0.001069
13.5 378.98 1090.8 0.00094423
14 433.81 1051.9 0.00085111
14.5 475.99 1015.6 0.00077101
15 536.36 981.75 0.00069535
15.5 642.93 950.08 0.00062145
16 846.09 920.39 0.00055755
16.5 1062 892.5 0.00050611
17 1227.1 866.25 0.00046553
17.5 1325.4 841.5 0.00043412
18 1348 818.12 0.00041089
18.5 1302.2 796.01 0.00039589
19 1236.5 775.06 0.00038379
19.5 1176.4 755.19 0.00037151
20 1126.9 736.31 0.00035835
21 978.76 701.25 0.00034652
22 721.6 669.37 0.00038075
23 584.32 640.27 0.00038162
24 515.86 613.59 0.00036081
25 473.18 589.05 0.00033706
26 443.09 566.39 0.00031423
27 416.05 545.42 0.00029534
28 390.55 525.94 0.00027886
29 365.28 507.8 0.00026479
30 339.28 490.87 0.00025274
32 290 460.19 0.00023198
34 246.3 433.12 0.00021369
36 209.77 409.06 0.00019633
38 179.85 387.53 0.00018
40 157.18 368.16 0.0001644
45 120.85 327.25 0.00013157
50 96.146 294.52 0.00010777
55 78.273 267.75 8.9853e-05
60 68.403 245.44 7.5725e-05
65 56.546 226.56 6.4947e-05
70 48.666 210.37 5.6353e-05
75 43.236 196.35 4.9121e-05
80 37.39 184.08 4.354e-05
100 24.37 147.26 2.7989e-05
200 6.1191 73.631 7.0213e-06
500 0.98025 29.452 1.1245e-06
