0.2 8930.6 15183 0.84726
0.22 9765.8 15076 0.86456
0.24 9733.9 13150 0.80822
0.26 9587.8 11447 0.71893
0.28 8905.2 10624 0.62074
0.3 8783.9 11883 0.57615
0.32 6651.9 14648 0.55635
0.34 6212.3 19941 0.5921
0.36 4159.4 22781 0.58963
0.38 2326.2 29580 0.64474
0.4 1644.3 36188 0.63973
0.42 756.53 35376 0.62894
0.45 392.06 37994 0.69762
0.5 332.69 40374 0.67894
0.55 223.47 35511 0.67727
0.6 214.29 36427 0.70327
0.65 196 31889 0.68647
0.7 150.19 26169 0.63464
0.75 126.99 23702 0.59659
0.8 122.69 22471 0.58609
0.9 124.01 18232 0.60789
1 104.85 12472 0.58863
1.1 81.13 8917.2 0.50565
1.2 63.185 6879.3 0.41573
1.3 49.155 5236.4 0.33979
1.4 39.054 4286.2 0.28633
1.5 32.957 3258.2 0.24209
1.6 29.645 2638.3 0.21009
1.7 27.853 2092.2 0.18384
1.8 26.167 1667.7 0.16253
1.9 24.12 1337.1 0.1449
2 21.885 1124.3 0.13085
2.2 17.482 762.42 0.10762
2.4 14.444 533.07 0.090229
2.6 12.805 384.92 0.076866
2.8 12.505 283.39 0.066264
3 11.444 212 0.057688
3.5 9.6546 111 0.042348
4 8.5156 62.801 0.032354
4.5 8.6677 37.298 0.025442
5 17.446 22.868 0.020453
5.5 24.768 14.457 0.016755
6 22.472 9.0095 0.01388
6.5 23.728 5.5882 0.011632
7 28.228 3.3874 0.0098385
7.5 41.75 1.6571 0.008287
8 281.35 0.32119 0.0068123
8.2 708.41 0.36658 0.0062334
8.4 1246.6 1.0363 0.0057562
8.6 1834.1 2.15 0.0053421
8.8 2495.9 3.7825 0.0049411
9 3161.8 5.8516 0.0045878
9.2 3622.2 7.7776 0.0042881
9.4 3763.3 9.1611 0.0040803
9.6 3522.2 9.4542 0.0040295
9.8 3062 8.8013 0.0041559
10 2622.4 7.8339 0.004352
10.2 2253.8 6.9355 0.0045513
10.4 1957.5 6.1797 0.0047148
10.6 1697.7 5.5377 0.0048648
10.8 1458.9 4.9533 0.0050015
11 1235.3 4.4018 0.0051079
11.2 1038.3 3.8938 0.0051447
11.4 856.78 3.4372 0.0051248
11.6 687.21 2.9962 0.0050266
11.8 539.44 2.5698 0.0048372
12 428.62 2.159 0.0045648
12.5 353.5 1.4176 0.0038854
13 362.22 1.0311 0.0034262
13.5 384.1 0.77025 0.0030586
14 410.5 0.59431 0.0027611
14.5 439.43 0.4547 0.0024963
15 480.93 0.33062 0.0022416
15.5 610.17 0.25128 0.0019956
16 844.88 0.25234 0.0017791
16.5 1124.9 0.33008 0.0016021
17 1351.7 0.43753 0.0014655
17.5 1495.9 0.53968 0.0013565
18 1520.8 0.60022 0.0012821
18.5 1446.9 0.60833 0.0012424
19 1347.1 0.583 0.0012157
19.5 1240.8 0.54526 0.001199
20 1152.5 0.507 0.0011784
21 983.12 0.44268 0.0011551
22 783.28 0.3561 0.0011896
23 667.64 0.2842 0.001161
24 600.02 0.2337 0.0010998
25 549.79 0.1971 0.0010378
26 509.17 0.16878 0.00097944
27 470.14 0.14594 0.00092996
28 434.33 0.12717 0.00088608
29 401.49 0.11138 0.00084633
30 368.83 0.097688 0.00081142
32 311 0.075784 0.00074805
34 262.84 0.05925 0.00068889
36 225.46 0.04673 0.00063088
38 194.41 0.037359 0.00057869
40 171.39 0.030137 0.0005285
45 130.44 0.018526 0.00042611
50 105.65 0.012064 0.00034901
55 86.378 0.0081871 0.00029103
60 72.843 0.0057495 0.00024575
65 61.518 0.0041634 0.00021069
70 53.609 0.0030998 0.0001828
75 46.442 0.0023522 0.00016007
80 39.319 0.0018167 0.00014152
100 25.479 0.00073744 9.0749e-05
200 6.3962 4.5549e-05 2.2768e-05
500 1.0246 1.1622e-06 3.6464e-06
