0.2 9055 73631 0.75428
0.22 11829 66937 0.69573
0.24 12112 61359 0.66892
0.26 12252 56639 0.65657
0.28 12081 52594 0.67713
0.3 11519 49087 0.66723
0.32 9587.1 46019 0.68207
0.34 8929.6 43312 0.67436
0.36 6752.9 40906 0.65842
0.38 4904.4 38753 0.69564
0.4 4334 36816 0.70601
0.42 3386.3 35062 0.6814
0.45 1784.1 32725 0.65531
0.5 928.83 29452 0.69265
0.55 672.64 26775 0.67685
0.6 419.2 24544 0.61308
0.65 333.89 22656 0.57742
0.7 314.11 21037 0.57997
0.75 298.32 19635 0.59858
0.8 267.03 18408 0.60332
0.9 192.02 16362 0.53274
1 145.52 14726 0.4223
1.1 113.78 13387 0.33403
1.2 88.886 12272 0.27121
1.3 69.467 11328 0.2245
1.4 54.989 10519 0.19152
1.5 46.367 9817.5 0.16429
1.6 41.294 9203.9 0.14371
1.7 38.35 8662.5 0.12662
1.8 35.881 8181.2 0.11253
1.9 32.97 7750.6 0.10071
2 30.159 7363.1 0.090941
2.2 23.831 6693.7 0.074877
2.4 19.286 6135.9 0.062896
2.6 16.597 5663.9 0.053736
2.8 15.566 5259.4 0.046289
3 14.235 4908.7 0.040332
3.5 11.941 4207.5 0.029576
4 10.337 3681.6 0.022658
4.5 9.9572 3272.5 0.017833
5 17.928 2945.2 0.01436
5.5 24.571 2677.5 0.011754
6 22.225 2454.4 0.0097232
6.5 22.75 2265.6 0.0081558
7 27.762 2103.7 0.0068765
7.5 40.754 1963.5 0.0057828
8 346.1 1840.8 0.0047524
8.2 812.49 1795.9 0.0043571
8.4 1296 1753.1 0.0040228
8.6 1848.4 1712.4 0.0037317
8.8 2479.2 1673.4 0.0034471
9 3140.1 1636.2 0.0031993
9.2 3524.4 1600.7 0.0030063
9.4 3560 1566.6 0.0028966
9.6 3265.1 1534 0.0028985
9.8 2914.8 1502.7 0.0029472
10 2572.5 1472.6 0.0030264
10.2 2270.3 1443.7 0.0031129
10.4 1996.5 1416 0.0032122
10.6 1725.3 1389.3 0.0033328
10.8 1489.6 1363.5 0.0034357
11 1273.6 1338.7 0.0035158
11.2 1078 1314.8 0.0035604
11.4 899.21 1291.8 0.003569
11.6 728.43 1269.5 0.0035303
11.8 562.56 1248 0.0034235
12 443.09 1227.2 0.0032435
12.5 353.12 1178.1 0.0027553
13 348.97 1132.8 0.0024133
13.5 383.44 1090.8 0.0021447
14 415.1 1051.9 0.0019429
14.5 453.56 1015.6 0.0017489
15 475.73 981.75 0.001575
15.5 620.5 950.08 0.0014021
16 827.11 920.39 0.0012508
16.5 1099.7 892.5 0.0011245
17 1327.4 866.25 0.0010253
17.5 1469.2 841.5 0.00094725
18 1503.9 818.12 0.00089217
18.5 1427.3 796.01 0.00086506
19 1330.9 775.06 0.00084518
19.5 1221.6 755.19 0.00083551
20 1112.4 736.31 0.00083252
21 928.61 701.25 0.00082906
22 744.75 669.37 0.00084907
23 635.52 640.27 0.00082657
24 569.39 613.59 0.00078228
25 526.02 589.05 0.00073344
26 494.25 566.39 0.0006864
27 462.45 545.42 0.00064858
28 433.45 525.94 0.00061521
29 400.57 507.8 0.00059043
30 363.55 490.87 0.00057028
32 303.61 460.19 0.00052682
34 258.33 433.12 0.00048339
36 222.25 409.06 0.00044355
38 191.04 387.53 0.00040741
40 169.51 368.16 0.00037069
45 134.9 327.25 0.00029794
50 104.77 294.52 0.00024686
55 87.335 267.75 0.00020545
60 72.197 245.44 0.00017431
65 61.269 226.56 0.00014905
70 52.954 210.37 0.00012925
75 47.307 196.35 0.000113
80 39.905 184.08 0.0001003
100 25.458 147.26 6.4316e-05
200 6.394 73.631 1.614e-05
500 1.0244 29.452 2.585e-06
