0.2 30284 73631 0.38777
0.22 31659 66937 0.30473
0.24 28170 61359 0.24583
0.26 24634 56639 0.20378
0.28 21017 52594 0.17251
0.3 17593 49087 0.14845
0.32 14310 46019 0.12942
0.34 11407 43312 0.11381
0.36 9124 40906 0.10084
0.38 7041.4 38753 0.090009
0.4 5588.5 36816 0.080849
0.42 4546.8 35062 0.073102
0.45 3205.2 32725 0.063415
0.5 1751.2 29452 0.051111
0.55 1127.4 26775 0.042237
0.6 761.49 24544 0.035437
0.65 531.6 22656 0.030161
0.7 408.78 21037 0.026002
0.75 328.08 19635 0.022652
0.8 275.89 18408 0.019906
0.9 216.03 16362 0.015755
1 177.97 14726 0.012707
1.1 140.46 13387 0.010495
1.2 100.59 12272 0.0088195
1.3 75.754 11328 0.0074975
1.4 58.76 10519 0.0064779
1.5 49.417 9817.5 0.0056202
1.6 44.5 9203.9 0.0049473
1.7 42.281 8662.5 0.0043761
1.8 40.506 8181.2 0.0038927
1.9 38.669 7750.6 0.0034942
2 34.103 7363.1 0.0031507
2.2 27.791 6693.7 0.0026046
2.4 23.051 6135.9 0.0021874
2.6 20.204 5663.9 0.0018637
2.8 18.917 5259.4 0.0016036
3 17.532 4908.7 0.0013928
3.5 15.052 4207.5 0.0010206
4 13.379 3681.6 0.00077817
4.5 12.632 3272.5 0.00061238
5 20.146 2945.2 0.00049152
5.5 26.068 2677.5 0.00040206
6 23.816 2454.4 0.00033216
6.5 23.776 2265.6 0.0002781
7 28.553 2103.7 0.00023389
7.5 42.364 1963.5 0.00019624
8 362.23 1840.8 0.00016106
8.2 740.41 1795.9 0.00014816
8.4 1197.5 1753.1 0.00013671
8.6 1753.2 1712.4 0.00012655
8.8 2424.1 1673.4 0.00011703
9 2817.8 1636.2 0.0001116
9.2 3078.6 1600.7 0.00010545
9.4 3267 1566.6 0.00010024
9.6 3136.3 1534 9.8652e-05
9.8 2812.1 1502.7 0.00010022
10 2510 1472.6 0.00010211
10.2 2247.6 1443.7 0.000104
10.4 2008 1416 0.00010611
10.6 1779.9 1389.3 0.00010869
10.8 1561.3 1363.5 0.00011168
11 1341.8 1338.7 0.00011502
11.2 1143.7 1314.8 0.00011722
11.4 960.73 1291.8 0.00011828
11.6 795.59 1269.5 0.00011803
11.8 637.45 1248 0.00011584
12 505.83 1227.2 0.0001113
12.5 337.41 1178.1 9.5553e-05
13 317.92 1132.8 8.2594e-05
13.5 364.83 1090.8 7.2897e-05
14 413.11 1051.9 6.5719e-05
14.5 451.15 1015.6 5.9415e-05
15 493.75 981.75 5.3211e-05
15.5 625.12 950.08 4.7463e-05
16 853.84 920.39 4.2384e-05
16.5 1088 892.5 3.84e-05
17 1273.7 866.25 3.5291e-05
17.5 1374.7 841.5 3.2896e-05
18 1388.1 818.12 3.1199e-05
18.5 1327.7 796.01 3.0187e-05
19 1246.6 775.06 2.9435e-05
19.5 1169.7 755.19 2.8719e-05
20 1115 736.31 2.778e-05
21 977.51 701.25 2.6725e-05
22 726.02 669.37 2.907e-05
23 604.82 640.27 2.857e-05
24 546.99 613.59 2.6777e-05
25 509.43 589.05 2.4968e-05
26 479.78 566.39 2.3345e-05
27 450.26 545.42 2.2019e-05
28 421.15 525.94 2.089e-05
29 392.17 507.8 1.9923e-05
30 362.1 490.87 1.9104e-05
32 307.27 460.19 1.7633e-05
34 260.99 433.12 1.6271e-05
36 224.14 409.06 1.4956e-05
38 194.2 387.53 1.3733e-05
40 171.16 368.16 1.2568e-05
45 132.06 327.25 1.0147e-05
50 107.12 294.52 8.3314e-06
55 87.81 267.75 6.9956e-06
60 72.814 245.44 5.934e-06
65 61.494 226.56 5.0826e-06
70 53.36 210.37 4.4066e-06
75 46.298 196.35 3.8624e-06
80 40.442 184.08 3.4107e-06
100 25.793 147.26 2.1941e-06
200 6.4823 73.631 5.5073e-07
500 1.0387 29.452 8.8216e-08
