0.2 29020 73631 0.37864
0.22 30300 66937 0.29913
0.24 28249 61359 0.24281
0.26 25346 56639 0.20244
0.28 21901 52594 0.17206
0.3 18566 49087 0.14845
0.32 15211 46019 0.12975
0.34 12054 43312 0.11429
0.36 9565.5 40906 0.10135
0.38 7731.4 38753 0.090497
0.4 6366.7 36816 0.081341
0.42 5288.5 35062 0.07354
0.45 4061.2 32725 0.063818
0.5 2677.6 29452 0.051395
0.55 1806 26775 0.04243
0.6 1296.2 24544 0.03564
0.65 923.92 22656 0.03034
0.7 692.81 21037 0.026146
0.75 555 19635 0.022793
0.8 446.86 18408 0.020056
0.9 330.92 16362 0.015892
1 285.99 14726 0.012833
1.1 226.31 13387 0.010611
1.2 169.51 12272 0.0089201
1.3 115.17 11328 0.0075866
1.4 86.745 10519 0.0065442
1.5 74.174 9817.5 0.0056876
1.6 66.193 9203.9 0.0049965
1.7 61.308 8662.5 0.0044214
1.8 57.734 8181.2 0.0039331
1.9 53.337 7750.6 0.003527
2 49.117 7363.1 0.0031816
2.2 38.567 6693.7 0.0026231
2.4 30.86 6135.9 0.0022015
2.6 26.196 5663.9 0.0018752
2.8 23.886 5259.4 0.0016133
3 21.819 4908.7 0.0014021
3.5 18.216 4207.5 0.0010249
4 15.817 3681.6 0.00078184
4.5 14.736 3272.5 0.00061409
5 21.95 2945.2 0.00049307
5.5 28.796 2677.5 0.00040312
6 25.633 2454.4 0.00033306
6.5 25.459 2265.6 0.00027849
7 30.426 2103.7 0.00023472
7.5 44.466 1963.5 0.00019667
8 362.9 1840.8 0.00016083
8.2 805.86 1795.9 0.00014745
8.4 1320.9 1753.1 0.00013624
8.6 1879.9 1712.4 0.00012625
8.8 2568.3 1673.4 0.00011664
9 3024.4 1636.2 0.00011085
9.2 3073.7 1600.7 0.00010741
9.4 3041.9 1566.6 0.00010457
9.6 2850.2 1534 0.00010409
9.8 2554.6 1502.7 0.00010575
10 2295 1472.6 0.00010713
10.2 2085.4 1443.7 0.00010796
10.4 1886.3 1416 0.00010912
10.6 1691.9 1389.3 0.00011077
10.8 1492.7 1363.5 0.00011305
11 1293.6 1338.7 0.00011544
11.2 1106.2 1314.8 0.00011712
11.4 936.29 1291.8 0.00011744
11.6 778.75 1269.5 0.00011656
11.8 635.56 1248 0.00011377
12 514.38 1227.2 0.00010951
12.5 361.52 1178.1 9.4851e-05
13 334.13 1132.8 8.2402e-05
13.5 377.77 1090.8 7.2784e-05
14 432.62 1051.9 6.5604e-05
14.5 474.85 1015.6 5.9427e-05
15 535.28 981.75 5.3594e-05
15.5 641.88 950.08 4.7895e-05
16 844.9 920.39 4.2969e-05
16.5 1060.6 892.5 3.9005e-05
17 1225.3 866.25 3.5879e-05
17.5 1323.4 841.5 3.346e-05
18 1345.7 818.12 3.1672e-05
18.5 1299.8 796.01 3.0518e-05
19 1234.1 775.06 2.9587e-05
19.5 1174.1 755.19 2.8641e-05
20 1124.6 736.31 2.7627e-05
21 976.6 701.25 2.6719e-05
22 719.94 669.37 2.9356e-05
23 583.07 640.27 2.9418e-05
24 514.85 613.59 2.781e-05
25 472.34 589.05 2.5979e-05
26 442.36 566.39 2.4218e-05
27 415.4 545.42 2.2762e-05
28 389.98 525.94 2.1491e-05
29 364.77 507.8 2.0406e-05
30 338.83 490.87 1.9477e-05
32 289.64 460.19 1.7877e-05
34 246.02 433.12 1.6466e-05
36 209.56 409.06 1.5129e-05
38 179.69 387.53 1.387e-05
40 157.04 368.16 1.2668e-05
45 120.77 327.25 1.0138e-05
50 96.094 294.52 8.3037e-06
55 78.238 267.75 6.9232e-06
60 68.378 245.44 5.8347e-06
65 56.528 226.56 5.0042e-06
70 48.653 210.37 4.3421e-06
75 43.226 196.35 3.7848e-06
80 37.382 184.08 3.3548e-06
100 24.367 147.26 2.1565e-06
200 6.1189 73.631 5.4099e-07
500 0.98025 29.452 8.6642e-08
