0.2 19865 73631 0.75819
0.22 20852 66937 0.78812
0.24 20886 61359 0.79169
0.26 21106 56639 0.78319
0.28 20124 52594 0.77014
0.3 19839 49087 0.7654
0.32 19390 46019 0.74698
0.34 17073 43312 0.71488
0.36 14616 40906 0.70288
0.38 13508 38753 0.70958
0.4 12843 36816 0.71054
0.42 11428 35062 0.69086
0.45 8388.1 32725 0.63376
0.5 5559.9 29452 0.57702
0.55 4461 26775 0.58494
0.6 3389 24544 0.59659
0.65 2213.5 22656 0.55933
0.7 1477.4 21037 0.48667
0.75 1082.9 19635 0.4131
0.8 818.37 18408 0.35137
0.9 556.15 16362 0.26371
1 447 14726 0.20597
1.1 335.35 13387 0.16731
1.2 239.94 12272 0.1393
1.3 156.4 11328 0.11788
1.4 113.9 10519 0.10147
1.5 94.41 9817.5 0.088133
1.6 82.142 9203.9 0.077439
1.7 74.409 8662.5 0.06857
1.8 68.68 8181.2 0.061053
1.9 62.416 7750.6 0.0548
2 56.67 7363.1 0.049481
2.2 43.449 6693.7 0.040871
2.4 34.139 6135.9 0.034359
2.6 28.57 5663.9 0.029308
2.8 25.742 5259.4 0.025247
3 23.286 4908.7 0.021964
3.5 19.103 4207.5 0.016088
4 16.401 3681.6 0.01229
4.5 15.158 3272.5 0.0096629
5 22.444 2945.2 0.0077647
5.5 29.312 2677.5 0.0063519
6 25.996 2454.4 0.0052506
6.5 25.744 2265.6 0.0043921
7 30.69 2103.7 0.0037033
7.5 44.737 1963.5 0.0031042
8 363.9 1840.8 0.0025404
8.2 806.96 1795.9 0.00233
8.4 1321.6 1753.1 0.0021534
8.6 1880.3 1712.4 0.0019958
8.8 2569.4 1673.4 0.0018439
9 3031.1 1636.2 0.0017515
9.2 3084.9 1600.7 0.0016962
9.4 3057.1 1566.6 0.0016506
9.6 2868.2 1534 0.0016421
9.8 2573 1502.7 0.0016677
10 2312.6 1472.6 0.0016891
10.2 2102.1 1443.7 0.001702
10.4 1902 1416 0.0017202
10.6 1706.4 1389.3 0.0017463
10.8 1505.8 1363.5 0.0017824
11 1305 1338.7 0.0018204
11.2 1116 1314.8 0.0018473
11.4 944.38 1291.8 0.0018528
11.6 785.26 1269.5 0.0018394
11.8 640.6 1248 0.0017957
12 518.19 1227.2 0.0017285
12.5 363.66 1178.1 0.0014973
13 335.72 1132.8 0.0013008
13.5 379.26 1090.8 0.0011491
14 434.09 1051.9 0.0010358
14.5 476.25 1015.6 0.00093829
15 536.61 981.75 0.00084623
15.5 643.18 950.08 0.0007563
16 846.37 920.39 0.00067854
16.5 1062.3 892.5 0.00061593
17 1227.4 866.25 0.00056654
17.5 1325.9 841.5 0.00052831
18 1348.5 818.12 0.00050004
18.5 1302.8 796.01 0.00048177
19 1237.1 775.06 0.00046704
19.5 1176.9 755.19 0.00045209
20 1127.4 736.31 0.00043607
21 979.26 701.25 0.00042166
22 721.99 669.37 0.00046333
23 584.62 640.27 0.00046441
24 516.09 613.59 0.00043909
25 473.38 589.05 0.0004102
26 443.26 566.39 0.00038241
27 416.2 545.42 0.00035942
28 390.69 525.94 0.00033937
29 365.4 507.8 0.00032224
30 339.39 490.87 0.00030759
32 290.08 460.19 0.00028232
34 246.37 433.12 0.00026006
36 209.82 409.06 0.00023894
38 179.89 387.53 0.00021907
40 157.21 368.16 0.00020009
45 120.87 327.25 0.00016013
50 96.158 294.52 0.00013116
55 78.281 267.75 0.00010936
60 68.409 245.44 9.2162e-05
65 56.55 226.56 7.9044e-05
70 48.669 210.37 6.8585e-05
75 43.239 196.35 5.9783e-05
80 37.392 184.08 5.2991e-05
100 24.371 147.26 3.4064e-05
200 6.1192 73.631 8.5453e-06
500 0.98026 29.452 1.3686e-06
