0.2 17147 73631 0.021606
0.22 19962 66937 0.01771
0.24 18587 61359 0.014858
0.26 16756 56639 0.012683
0.28 14655 52594 0.010972
0.3 12556 49087 0.0095904
0.32 10439 46019 0.008457
0.34 8516.3 43312 0.0074979
0.36 6974 40906 0.0066799
0.38 5499.6 38753 0.0059846
0.4 4455.4 36816 0.0053871
0.42 3692.1 35062 0.0048763
0.45 2666.6 32725 0.0042332
0.5 1505.5 29452 0.0034105
0.55 993.11 26775 0.0028147
0.6 684.1 24544 0.0023582
0.65 485.05 22656 0.0020044
0.7 377.61 21037 0.001726
0.75 306.1 19635 0.0015021
0.8 259.55 18408 0.0013187
0.9 205.77 16362 0.0010423
1 171.16 14726 0.00083968
1.1 136.01 13387 0.00069291
1.2 97.899 12272 0.00058194
1.3 74.034 11328 0.00049445
1.4 57.6 10519 0.00042704
1.5 48.576 9817.5 0.00037037
1.6 43.83 9203.9 0.00032594
1.7 41.719 8662.5 0.00028823
1.8 40.03 8181.2 0.00025634
1.9 38.26 7750.6 0.00023006
2 33.778 7363.1 0.00020742
2.2 27.572 6693.7 0.00017143
2.4 22.898 6135.9 0.00014395
2.6 20.09 5663.9 0.00012263
2.8 18.825 5259.4 0.0001055
3 17.458 4908.7 9.1622e-05
3.5 15.006 4207.5 6.7128e-05
4 13.348 3681.6 5.1178e-05
4.5 12.609 3272.5 4.0272e-05
5 20.118 2945.2 3.2322e-05
5.5 26.039 2677.5 2.6438e-05
6 23.795 2454.4 2.1841e-05
6.5 23.759 2265.6 1.8286e-05
7 28.537 2103.7 1.5379e-05
7.5 42.348 1963.5 1.2903e-05
8 362.16 1840.8 1.0589e-05
8.2 740.33 1795.9 9.741e-06
8.4 1197.4 1753.1 8.988e-06
8.6 1753.1 1712.4 8.3199e-06
8.8 2424 1673.4 7.694e-06
9 2817.5 1636.2 7.3371e-06
9.2 3078 1600.7 6.9328e-06
9.4 3266 1566.6 6.5907e-06
9.6 3135.1 1534 6.4865e-06
9.8 2810.8 1502.7 6.5901e-06
10 2508.7 1472.6 6.7139e-06
10.2 2246.5 1443.7 6.8387e-06
10.4 2006.9 1416 6.9774e-06
10.6 1778.9 1389.3 7.1469e-06
10.8 1560.4 1363.5 7.3435e-06
11 1341 1338.7 7.5632e-06
11.2 1143.1 1314.8 7.7073e-06
11.4 960.18 1291.8 7.777e-06
11.6 795.15 1269.5 7.7605e-06
11.8 637.12 1248 7.6168e-06
12 505.58 1227.2 7.3182e-06
12.5 337.29 1178.1 6.2825e-06
13 317.82 1132.8 5.4305e-06
13.5 364.74 1090.8 4.7929e-06
14 413.02 1051.9 4.3209e-06
14.5 451.06 1015.6 3.9064e-06
15 493.67 981.75 3.4985e-06
15.5 625.04 950.08 3.1206e-06
16 853.75 920.39 2.7866e-06
16.5 1087.9 892.5 2.5247e-06
17 1273.5 866.25 2.3203e-06
17.5 1374.5 841.5 2.1629e-06
18 1387.9 818.12 2.0513e-06
18.5 1327.5 796.01 1.9848e-06
19 1246.4 775.06 1.9354e-06
19.5 1169.5 755.19 1.8882e-06
20 1114.8 736.31 1.8265e-06
21 977.34 701.25 1.7572e-06
22 725.89 669.37 1.9114e-06
23 604.72 640.27 1.8785e-06
24 546.91 613.59 1.7605e-06
25 509.36 589.05 1.6416e-06
26 479.72 566.39 1.5349e-06
27 450.2 545.42 1.4477e-06
28 421.1 525.94 1.3735e-06
29 392.12 507.8 1.3099e-06
30 362.06 490.87 1.256e-06
32 307.24 460.19 1.1593e-06
34 260.96 433.12 1.0698e-06
36 224.13 409.06 9.8331e-07
38 194.19 387.53 9.0289e-07
40 171.14 368.16 8.2629e-07
45 132.06 327.25 6.6711e-07
50 107.12 294.52 5.4776e-07
55 87.806 267.75 4.5994e-07
60 72.812 245.44 3.9014e-07
65 61.493 226.56 3.3416e-07
70 53.359 210.37 2.8971e-07
75 46.297 196.35 2.5394e-07
80 40.441 184.08 2.2424e-07
100 25.793 147.26 1.4425e-07
200 6.4823 73.631 3.6209e-08
500 1.0387 29.452 5.7999e-09
