0.2 18508 73631 0.78358
0.22 18983 66937 0.79822
0.24 19274 61359 0.79613
0.26 19100 56639 0.78898
0.28 19329 52594 0.77823
0.3 18372 49087 0.76106
0.32 17431 46019 0.75471
0.34 16948 43312 0.74441
0.36 15308 40906 0.71541
0.38 12733 38753 0.69447
0.4 11272 36816 0.69874
0.42 10674 35062 0.70784
0.45 9466.3 32725 0.69601
0.5 5692 29452 0.61246
0.55 3989.5 26775 0.57205
0.6 3336.3 24544 0.58381
0.65 2497.8 22656 0.59731
0.7 1726.7 21037 0.56919
0.75 1240.7 19635 0.50734
0.8 912.83 18408 0.43865
0.9 600.38 16362 0.32769
1 475.71 14726 0.25251
1.1 354.99 13387 0.20313
1.2 253.03 12272 0.16804
1.3 164.27 11328 0.14162
1.4 119.2 10519 0.12159
1.5 98.417 9817.5 0.10544
1.6 85.338 9203.9 0.092555
1.7 77.057 8662.5 0.081903
1.8 70.904 8181.2 0.072897
1.9 64.269 7750.6 0.065417
2 58.218 7363.1 0.05906
2.2 44.454 6693.7 0.048781
2.4 34.817 6135.9 0.041011
2.6 29.062 5663.9 0.034986
2.8 26.127 5259.4 0.030143
3 23.591 4908.7 0.026228
3.5 19.288 4207.5 0.019217
4 16.523 3681.6 0.014683
4.5 15.246 3272.5 0.011547
5 22.547 2945.2 0.0092798
5.5 29.419 2677.5 0.0075922
6 26.071 2454.4 0.0062765
6.5 25.803 2265.6 0.0052507
7 30.745 2103.7 0.0044275
7.5 44.794 1963.5 0.0037116
8 364.11 1840.8 0.003038
8.2 807.17 1795.9 0.0027866
8.4 1321.7 1753.1 0.0025756
8.6 1880.2 1712.4 0.0023871
8.8 2569.4 1673.4 0.0022055
9 3032.3 1636.2 0.0020947
9.2 3087 1600.7 0.0020284
9.4 3060 1566.6 0.0019737
9.6 2871.7 1534 0.0019633
9.8 2576.7 1502.7 0.0019937
10 2316.1 1472.6 0.0020193
10.2 2105.5 1443.7 0.0020346
10.4 1905.2 1416 0.0020563
10.6 1709.4 1389.3 0.0020875
10.8 1508.5 1363.5 0.0021308
11 1307.4 1338.7 0.0021762
11.2 1118 1314.8 0.0022084
11.4 946.06 1291.8 0.0022152
11.6 786.62 1269.5 0.0021992
11.8 641.64 1248 0.002147
12 518.98 1227.2 0.0020668
12.5 364.1 1178.1 0.0017903
13 336.05 1132.8 0.0015554
13.5 379.57 1090.8 0.001374
14 434.4 1051.9 0.0012385
14.5 476.54 1015.6 0.001122
15 536.89 981.75 0.0010119
15.5 643.45 950.08 0.00090436
16 846.67 920.39 0.00081139
16.5 1062.7 892.5 0.00073653
17 1227.9 866.25 0.00067746
17.5 1326.4 841.5 0.00063173
18 1349.1 818.12 0.00059791
18.5 1303.4 796.01 0.00057605
19 1237.7 775.06 0.00055844
19.5 1177.5 755.19 0.00054055
20 1128 736.31 0.00052139
21 979.82 701.25 0.00050415
22 722.42 669.37 0.00055399
23 584.94 640.27 0.0005553
24 516.35 613.59 0.00052504
25 473.6 589.05 0.00049049
26 443.45 566.39 0.00045728
27 416.37 545.42 0.00042979
28 390.83 525.94 0.00040581
29 365.53 507.8 0.00038534
30 339.51 490.87 0.00036781
32 290.17 460.19 0.00033761
34 246.44 433.12 0.00031099
36 209.88 409.06 0.00028573
38 179.94 387.53 0.00026197
40 157.24 368.16 0.00023927
45 120.89 327.25 0.00019149
50 96.171 294.52 0.00015685
55 78.29 267.75 0.00013077
60 68.416 245.44 0.00011021
65 56.555 226.56 9.4525e-05
70 48.673 210.37 8.2017e-05
75 43.241 196.35 7.1492e-05
80 37.394 184.08 6.3369e-05
100 24.372 147.26 4.0735e-05
200 6.1192 73.631 1.0219e-05
500 0.98026 29.452 1.6366e-06
