0.2 30690 73631 0.7188
0.22 34267 66937 0.72374
0.24 31733 61359 0.68104
0.26 28552 56639 0.63437
0.28 26519 52594 0.60691
0.3 25142 49087 0.59736
0.32 23064 46019 0.59297
0.34 19681 43312 0.578
0.36 15811 40906 0.54139
0.38 11919 38753 0.48849
0.4 9113 36816 0.43151
0.42 7172.8 35062 0.37982
0.45 4868.2 32725 0.31565
0.5 2538.4 29452 0.24106
0.55 1575.6 26775 0.19336
0.6 1027.1 24544 0.15948
0.65 694.68 22656 0.13444
0.7 519.62 21037 0.11531
0.75 407.05 19635 0.10018
0.8 335.03 18408 0.087917
0.9 253.54 16362 0.06955
1 202.94 14726 0.056141
1.1 156.86 13387 0.046418
1.2 110.52 12272 0.039054
1.3 82.111 11328 0.033238
1.4 63.055 10519 0.028745
1.5 52.531 9817.5 0.024962
1.6 46.983 9203.9 0.02199
1.7 44.365 8662.5 0.019464
1.8 42.273 8181.2 0.017324
1.9 40.186 7750.6 0.015558
2 35.308 7363.1 0.014035
2.2 28.605 6693.7 0.011611
2.4 23.618 6135.9 0.0097569
2.6 20.628 5663.9 0.0083167
2.8 19.257 5259.4 0.0071589
3 17.804 4908.7 0.0062194
3.5 15.222 4207.5 0.0045599
4 13.494 3681.6 0.0034781
4.5 12.716 3272.5 0.0027378
5 20.252 2945.2 0.0021979
5.5 26.177 2677.5 0.0017981
6 23.894 2454.4 0.0014857
6.5 23.838 2265.6 0.001244
7 28.61 2103.7 0.0010463
7.5 42.424 1963.5 0.00087799
8 362.47 1840.8 0.0007207
8.2 740.69 1795.9 0.00066306
8.4 1197.7 1753.1 0.00061184
8.6 1753.3 1712.4 0.00056639
8.8 2424.4 1673.4 0.00052378
9 2819.1 1636.2 0.00049942
9.2 3080.6 1600.7 0.00047186
9.4 3270.2 1566.6 0.00044851
9.6 3140.7 1534 0.00044133
9.8 2816.8 1502.7 0.0004483
10 2514.5 1472.6 0.00045669
10.2 2252 1443.7 0.00046515
10.4 2012.1 1416 0.00047458
10.6 1783.6 1389.3 0.00048611
10.8 1564.6 1363.5 0.00049949
11 1344.7 1338.7 0.00051447
11.2 1146.2 1314.8 0.00052432
11.4 962.74 1291.8 0.00052911
11.6 797.21 1269.5 0.00052803
11.8 638.68 1248 0.00051829
12 506.73 1227.2 0.00049799
12.5 337.89 1178.1 0.00042752
13 318.28 1132.8 0.00036955
13.5 365.17 1090.8 0.00032616
14 413.44 1051.9 0.00029405
14.5 451.46 1015.6 0.00026585
15 494.03 981.75 0.00023809
15.5 625.41 950.08 0.00021237
16 854.17 920.39 0.00018965
16.5 1088.4 892.5 0.00017182
17 1274.2 866.25 0.00015791
17.5 1375.3 841.5 0.00014719
18 1388.7 818.12 0.00013959
18.5 1328.4 796.01 0.00013506
19 1247.3 775.06 0.0001317
19.5 1170.4 755.19 0.00012849
20 1115.7 736.31 0.00012429
21 978.13 701.25 0.00011956
22 726.49 669.37 0.00013006
23 605.18 640.27 0.00012783
24 547.29 613.59 0.00011981
25 509.68 589.05 0.00011172
26 480 566.39 0.00010446
27 450.46 545.42 9.8523e-05
28 421.33 525.94 9.3473e-05
29 392.33 507.8 8.9148e-05
30 362.24 490.87 8.5481e-05
32 307.38 460.19 7.8903e-05
34 261.07 433.12 7.2808e-05
36 224.21 409.06 6.6924e-05
38 194.26 387.53 6.1451e-05
40 171.2 368.16 5.6238e-05
45 132.09 327.25 4.5405e-05
50 107.14 294.52 3.7282e-05
55 87.821 267.75 3.1304e-05
60 72.823 245.44 2.6554e-05
65 61.5 226.56 2.2744e-05
70 53.364 210.37 1.9719e-05
75 46.302 196.35 1.7284e-05
80 40.444 184.08 1.5262e-05
100 25.794 147.26 9.8182e-06
200 6.4824 73.631 2.4644e-06
500 1.0387 29.452 3.9475e-07
