0.2 8504.7 15683 0.13081
0.22 9118.1 9989.8 0.10608
0.24 7840.4 6750 0.088174
0.26 6721.5 4722.1 0.074585
0.28 5811 3432.9 0.064095
0.3 4623.2 2565 0.055745
0.32 3453.9 1943.3 0.048889
0.34 2576.4 1491.1 0.043192
0.36 1644 1159.8 0.038419
0.38 927.71 916.23 0.034403
0.4 510.9 733.86 0.030992
0.42 242.11 593.65 0.028057
0.45 144.93 441.97 0.024395
0.5 102.53 281.9 0.019702
0.55 85.164 190.42 0.016277
0.6 72.921 132.68 0.013663
0.65 64.71 95.12 0.011628
0.7 58.174 69.985 0.010016
0.75 53.134 52.827 0.0087225
0.8 49.609 40.692 0.0076667
0.9 45.51 25.196 0.006054
1 42.652 16.27 0.0048931
1.1 38.368 11 0.0040386
1.2 33.162 7.7752 0.0033954
1.3 28.073 5.4786 0.0028791
1.4 23.221 4.1772 0.0024937
1.5 20.699 3.0492 0.0021584
1.6 19.225 2.3826 0.0019009
1.7 18.708 1.8499 0.0016811
1.8 18.15 1.4545 0.0014967
1.9 17.231 1.1562 0.0013404
2 15.949 0.96231 0.0012142
2.2 13.327 0.64888 0.0010014
2.4 11.427 0.45307 0.00083998
2.6 10.439 0.32721 0.00071515
2.8 10.456 0.24126 0.00061583
3 9.7771 0.18085 0.00053541
3.5 8.5851 0.095144 0.00039179
4 7.7827 0.054048 0.00029851
4.5 8.0803 0.032212 0.00023422
5 16.507 0.019809 0.00018795
5.5 23.7 0.012552 0.00015375
6 21.704 0.0078412 0.00012721
6.5 23.088 0.0048735 0.0001065
7 27.637 0.0029596 8.9993e-05
7.5 41.143 0.001452 7.5713e-05
8 279.86 0.00028307 6.2104e-05
8.2 708.08 0.00032425 5.6743e-05
8.4 1249.8 0.0009185 5.2345e-05
8.6 1841.4 0.0019068 4.8549e-05
8.8 2506.6 0.003353 4.4888e-05
9 3167.2 0.0051708 4.1695e-05
9.2 3611.8 0.0068387 3.9016e-05
9.4 3729.2 0.0080044 3.7198e-05
9.6 3469 0.0082124 3.6827e-05
9.8 3002 0.0076156 3.807e-05
10 2564.5 0.006766 3.9918e-05
10.2 2200.8 0.0059847 4.1767e-05
10.4 1909.8 0.0053303 4.3266e-05
10.6 1655.4 0.0047756 4.4628e-05
10.8 1422.1 0.0042716 4.5856e-05
11 1204.2 0.0037968 4.6796e-05
11.2 1012.7 0.0033598 4.7098e-05
11.4 836.27 0.0029672 4.6885e-05
11.6 671.55 0.002588 4.5963e-05
11.8 527.99 0.0022213 4.4217e-05
12 420.35 0.0018679 4.1722e-05
12.5 348.21 0.0012291 3.5509e-05
13 357.73 0.00089512 3.1307e-05
13.5 380.1 0.00066934 2.7943e-05
14 406.84 0.00051683 2.5221e-05
14.5 436.11 0.00039569 2.2798e-05
15 477.99 0.00028794 2.0468e-05
15.5 607.32 0.00021903 1.8217e-05
16 841.81 0.00022007 1.6238e-05
16.5 1121.1 0.00028787 1.4621e-05
17 1346.7 0.00038136 1.3377e-05
17.5 1489.4 0.00046999 1.2385e-05
18 1512.8 0.00052223 1.171e-05
18.5 1438.2 0.00052889 1.1351e-05
19 1338.4 0.00050664 1.111e-05
19.5 1232.4 0.00047373 1.0959e-05
20 1144.6 0.00044043 1.0772e-05
21 976.02 0.00038447 1.0562e-05
22 777.61 0.00030931 1.0874e-05
23 663.12 0.00024693 1.0609e-05
24 596.24 0.0002031 1.0047e-05
25 546.55 0.00017133 9.4797e-06
26 506.34 0.00014674 8.9453e-06
27 467.66 0.0001269 8.4926e-06
28 432.14 0.00011059 8.0911e-06
29 399.56 9.6872e-05 7.7275e-06
30 367.13 8.4969e-05 7.4081e-06
32 309.68 6.593e-05 6.8284e-06
34 261.82 5.1555e-05 6.2874e-06
36 224.68 4.0667e-05 5.7574e-06
38 193.79 3.2517e-05 5.2807e-06
40 170.89 2.6234e-05 4.8225e-06
45 130.14 1.6131e-05 3.8879e-06
50 105.45 1.0505e-05 3.1843e-06
55 86.245 7.1305e-06 2.6553e-06
60 72.749 5.008e-06 2.2421e-06
65 61.45 3.6267e-06 1.9222e-06
70 53.558 2.7004e-06 1.6677e-06
75 46.403 2.0491e-06 1.4604e-06
80 39.289 1.5827e-06 1.2911e-06
100 25.467 6.4252e-07 8.2794e-07
200 6.3954 3.9691e-08 2.0772e-07
500 1.0246 1.0127e-09 3.3268e-08
