0.2 18499 85280 0.6742
0.22 16191 76504 0.67777
0.24 16098 80129 0.70768
0.26 14793 72556 0.6889
0.28 11653 62781 0.63308
0.3 9131.9 59087 0.59246
0.32 7446.7 57431 0.58187
0.34 6178 53629 0.59258
0.36 4170.7 47076 0.60255
0.38 2297.6 39166 0.59319
0.4 1176.7 32182 0.56017
0.42 514.15 26826 0.51232
0.45 278.2 21181 0.43726
0.5 176.48 14956 0.33548
0.55 137.46 10913 0.26642
0.6 111.85 7980.4 0.21791
0.65 95.008 5886.5 0.18254
0.7 82.21 4402.7 0.15575
0.75 72.652 3355.4 0.1349
0.8 65.896 2598.3 0.11821
0.9 57.559 1613.5 0.093146
1 51.856 1039.8 0.075314
1.1 45.244 701.02 0.062239
1.2 38.202 494.39 0.052402
1.3 31.661 346.98 0.044508
1.4 25.834 264.34 0.038597
1.5 22.686 192.28 0.033455
1.6 20.864 150.07 0.029495
1.7 20.115 116.32 0.02611
1.8 19.361 91.318 0.023266
1.9 18.256 72.487 0.020854
2 16.817 60.309 0.0189
2.2 13.924 40.594 0.015606
2.4 11.854 28.305 0.013102
2.6 10.771 20.422 0.011162
2.8 10.741 15.045 0.0096177
3 10.009 11.27 0.0083658
3.5 8.7325 5.9217 0.0061268
4 7.8832 3.3611 0.0046708
4.5 8.1607 2.002 0.0036663
5 16.636 1.2305 0.002943
5.5 23.846 0.77947 0.002408
6 21.809 0.48675 0.0019927
6.5 23.176 0.30243 0.0016685
7 27.717 0.18362 0.0014101
7.5 41.226 0.090045 0.0011866
8 280.07 0.017542 0.00097356
8.2 708.18 0.020084 0.00088969
8.4 1249.6 0.05688 0.00082082
8.6 1840.8 0.11808 0.00076134
8.8 2505.8 0.20766 0.00070395
9 3167.5 0.3204 0.00065382
9.2 3614.5 0.42405 0.0006117
9.4 3735.2 0.49676 0.00058302
9.6 3477.3 0.51006 0.00057702
9.8 3011 0.47322 0.0005963
10 2572.9 0.42051 0.00062516
10.2 2208.3 0.37198 0.00065408
10.4 1916.5 0.33131 0.00067758
10.6 1661.3 0.29683 0.00069895
10.8 1427.2 0.2655 0.00071825
11 1208.5 0.23598 0.00073307
11.2 1016.2 0.20881 0.00073788
11.4 839.07 0.18439 0.00073462
11.6 673.68 0.16081 0.00072023
11.8 529.55 0.13801 0.0006929
12 421.47 0.11604 0.00065382
12.5 348.93 0.076333 0.00055647
13 358.34 0.055581 0.00049063
13.5 380.64 0.041556 0.00043792
14 407.34 0.032085 0.00039527
14.5 436.56 0.024562 0.00035731
15 478.39 0.017872 0.0003208
15.5 607.72 0.013593 0.00028553
16 842.25 0.013657 0.00025452
16.5 1121.7 0.017864 0.00022918
17 1347.5 0.023668 0.00020966
17.5 1490.3 0.029171 0.00019411
18 1513.9 0.032418 0.00018353
18.5 1439.4 0.032835 0.00017789
19 1339.6 0.031455 0.00017411
19.5 1233.5 0.029413 0.00017174
20 1145.7 0.027346 0.00016881
21 976.99 0.023872 0.00016551
22 778.38 0.019205 0.00017041
23 663.73 0.015331 0.00016626
24 596.76 0.012609 0.00015747
25 546.99 0.010637 0.00014857
26 506.73 0.0091094 0.0001402
27 468 0.0078776 0.0001331
28 432.44 0.0068651 0.00012681
29 399.82 0.0060136 0.00012112
30 367.36 0.0052746 0.00011611
32 309.86 0.0040926 0.00010703
34 261.96 0.0032002 9.8551e-05
36 224.78 0.0025243 9.0245e-05
38 193.87 0.0020183 8.2774e-05
40 170.96 0.0016283 7.5591e-05
45 130.18 0.0010012 6.0943e-05
50 105.48 0.00065204 4.9914e-05
55 86.263 0.00044256 4.1621e-05
60 72.762 0.00031082 3.5145e-05
65 61.459 0.00022509 3.0131e-05
70 53.565 0.00016759 2.6142e-05
75 46.408 0.00012718 2.2892e-05
80 39.293 9.8226e-05 2.0239e-05
100 25.469 3.9876e-05 1.2978e-05
200 6.3955 2.4633e-06 3.256e-06
500 1.0246 6.2852e-08 5.2148e-07
