0.2 15309 57721 0.64578
0.22 17900 69321 0.71216
0.24 15029 66401 0.68198
0.26 13040 68301 0.70002
0.28 13076 69001 0.71151
0.3 10815 63152 0.68078
0.32 7487.9 56634 0.62639
0.34 5443.3 53458 0.58969
0.36 3737.2 52414 0.57786
0.38 2341.3 50301 0.58555
0.4 1366.6 45259 0.59904
0.42 640.05 38418 0.60237
0.45 346.68 29166 0.57271
0.5 205.52 19809 0.46946
0.55 153.51 14716 0.37277
0.6 122.57 11104 0.30066
0.65 103.24 8418.9 0.24853
0.7 88.901 6426.7 0.20996
0.75 78.27 4968.9 0.18058
0.8 70.733 3886.1 0.15746
0.9 61.306 2440.6 0.12335
1 54.799 1580.7 0.099447
1.1 47.484 1068.1 0.082071
1.2 39.864 754.13 0.069056
1.3 32.853 529.21 0.058641
1.4 26.708 403.36 0.05085
1.5 23.354 293.21 0.044081
1.6 21.417 228.84 0.038868
1.7 20.59 177.31 0.034413
1.8 19.771 139.15 0.03067
1.9 18.604 110.42 0.027494
2 17.113 91.867 0.024922
2.2 14.127 61.807 0.020584
2.4 12 43.08 0.017285
2.6 10.885 31.074 0.014729
2.8 10.839 22.886 0.012693
3 10.088 17.14 0.011042
3.5 8.7829 9.0025 0.0080892
4 7.9176 5.1085 0.0061679
4.5 8.1882 3.0421 0.0048421
5 16.68 1.8696 0.0038872
5.5 23.896 1.1841 0.0031808
6 21.845 0.73935 0.0026324
6.5 23.206 0.45934 0.0022042
7 27.745 0.27885 0.001863
7.5 41.255 0.13673 0.0015677
8 280.15 0.026629 0.0012864
8.2 708.21 0.030484 0.0011757
8.4 1249.5 0.086325 0.0010847
8.6 1840.5 0.1792 0.0010061
8.8 2505.4 0.31518 0.00093029
9 3167.4 0.48636 0.00086403
9.2 3615.3 0.64385 0.00080832
9.4 3737.1 0.75447 0.00077035
9.6 3480.1 0.77486 0.00076232
9.8 3013.9 0.71902 0.00078772
10 2575.7 0.63897 0.0008258
10.2 2210.9 0.56525 0.00086398
10.4 1918.8 0.50347 0.00089503
10.6 1663.3 0.45107 0.00092327
10.8 1428.9 0.40346 0.0009488
11 1209.9 0.35859 0.0009684
11.2 1017.4 0.31729 0.00097481
11.4 840.03 0.28018 0.00097052
11.6 674.41 0.24435 0.00095155
11.8 530.08 0.20969 0.00091545
12 421.86 0.17631 0.00086382
12.5 349.18 0.11596 0.00073521
13 358.55 0.084434 0.00064822
13.5 380.83 0.063125 0.00057859
14 407.52 0.048736 0.00052225
14.5 436.72 0.037308 0.0004721
15 478.53 0.027145 0.00042386
15.5 607.86 0.020645 0.00037726
16 842.4 0.020742 0.00033629
16.5 1121.9 0.027132 0.00030281
17 1347.7 0.035947 0.00027702
17.5 1490.7 0.044308 0.00025647
18 1514.3 0.049242 0.00024248
18.5 1439.9 0.049876 0.00023503
19 1340 0.047782 0.00023003
19.5 1233.9 0.044679 0.00022691
20 1146.1 0.04154 0.00022302
21 977.33 0.036263 0.00021866
22 778.65 0.029174 0.00022515
23 663.94 0.023289 0.00021967
24 596.93 0.019154 0.00020805
25 547.14 0.016157 0.0001963
26 506.86 0.013837 0.00018524
27 468.11 0.011966 0.00017587
28 432.54 0.010428 0.00016755
29 399.91 0.0091344 0.00016003
30 367.44 0.008012 0.00015341
32 309.92 0.0062165 0.00014141
34 262.01 0.0048609 0.00013021
36 224.82 0.0038342 0.00011924
38 193.9 0.0030657 0.00010937
40 170.98 0.0024733 9.9879e-05
45 130.2 0.0015207 8.0525e-05
50 105.49 0.00099037 6.5952e-05
55 86.269 0.00067218 5.4995e-05
60 72.766 0.00047209 4.6438e-05
65 61.462 0.00034187 3.9812e-05
70 53.567 0.00025455 3.4542e-05
75 46.41 0.00019316 3.0247e-05
80 39.295 0.00014919 2.6742e-05
100 25.469 6.0566e-05 1.7148e-05
200 6.3956 3.7413e-06 4.3022e-06
500 1.0246 9.5462e-08 6.8903e-07
