0.2 7303.9 73631 0.8285
0.22 9334 66937 0.86407
0.24 9780.8 61359 0.84123
0.26 9961.5 56639 0.79723
0.28 10057 52594 0.73554
0.3 9358.7 49087 0.66854
0.32 9202.7 46019 0.6109
0.34 7178.4 43312 0.56541
0.36 6436.4 40906 0.58323
0.38 5353.7 38753 0.57335
0.4 3808.2 36816 0.63607
0.42 3108.2 35062 0.64496
0.45 1999.7 32725 0.62782
0.5 959.12 29452 0.69925
0.55 662.51 26775 0.65637
0.6 438.18 24544 0.67637
0.65 425.31 22656 0.69756
0.7 371.24 21037 0.67589
0.75 280.56 19635 0.62532
0.8 236.35 18408 0.58829
0.9 225.2 16362 0.58512
1 205.71 14726 0.60601
1.1 155.31 13387 0.56627
1.2 112.76 12272 0.48315
1.3 83.387 11328 0.39769
1.4 64.702 10519 0.33369
1.5 53.601 9817.5 0.28051
1.6 47.416 9203.9 0.24179
1.7 43.723 8662.5 0.21053
1.8 40.645 8181.2 0.18549
1.9 37.108 7750.6 0.16494
2 33.771 7363.1 0.14826
2.2 26.347 6693.7 0.12134
2.4 21.092 6135.9 0.10161
2.6 17.99 5663.9 0.086664
2.8 16.722 5259.4 0.074593
3 15.178 4908.7 0.064972
3.5 12.539 4207.5 0.047651
4 10.744 3681.6 0.036524
4.5 10.267 3272.5 0.028765
5 18.373 2945.2 0.023177
5.5 25.059 2677.5 0.018979
6 22.575 2454.4 0.015708
6.5 23.035 2265.6 0.013181
7 28.031 2103.7 0.011118
7.5 41.029 1963.5 0.0093543
8 347.04 1840.8 0.0076949
8.2 813.11 1795.9 0.0070591
8.4 1295.3 1753.1 0.0065203
8.6 1846.1 1712.4 0.0060503
8.8 2475.3 1673.4 0.0055901
9 3138.3 1636.2 0.0051876
9.2 3529.3 1600.7 0.0048724
9.4 3574.2 1566.6 0.0046905
9.6 3285.5 1534 0.0046892
9.8 2937.5 1502.7 0.0047646
10 2595.4 1472.6 0.00489
10.2 2292.2 1443.7 0.0050283
10.4 2017.1 1416 0.0051879
10.6 1743.8 1389.3 0.005383
10.8 1505.9 1363.5 0.0055502
11 1287.7 1338.7 0.0056813
11.2 1089.8 1314.8 0.005755
11.4 908.84 1291.8 0.0057706
11.6 735.95 1269.5 0.0057095
11.8 568.01 1248 0.0055376
12 447.01 1227.2 0.0052468
12.5 355.54 1178.1 0.004457
13 350.92 1132.8 0.0039041
13.5 385.23 1090.8 0.0034697
14 416.78 1051.9 0.0031435
14.5 455.11 1015.6 0.0028297
15 477.07 981.75 0.0025486
15.5 621.86 950.08 0.002269
16 828.53 920.39 0.0020243
16.5 1101.4 892.5 0.0018201
17 1329.6 866.25 0.0016594
17.5 1472.1 841.5 0.0015329
18 1507.4 818.12 0.0014435
18.5 1431.1 796.01 0.0013994
19 1334.7 775.06 0.0013671
19.5 1225.3 755.19 0.0013513
20 1115.9 736.31 0.0013464
21 931.63 701.25 0.0013408
22 747.16 669.37 0.0013733
23 637.43 640.27 0.0013372
24 570.98 613.59 0.0012656
25 527.38 589.05 0.0011867
26 495.45 566.39 0.0011106
27 463.51 545.42 0.0010495
28 434.41 525.94 0.0009955
29 401.42 507.8 0.00095543
30 364.3 490.87 0.00092286
32 304.18 460.19 0.00085261
34 258.77 433.12 0.00078236
36 222.59 409.06 0.00071791
38 191.31 387.53 0.00065943
40 169.73 368.16 0.00060001
45 135.04 327.25 0.00048228
50 104.85 294.52 0.0003996
55 87.395 267.75 0.00033257
60 72.239 245.44 0.00028216
65 61.299 226.56 0.00024127
70 52.977 210.37 0.00020923
75 47.325 196.35 0.00018293
80 39.918 184.08 0.00016236
100 25.463 147.26 0.00010411
200 6.3943 73.631 2.6126e-05
500 1.0244 29.452 4.1845e-06
