0.2 30133 73631 0.72884
0.22 33103 66937 0.72439
0.24 31266 61359 0.68114
0.26 28879 56639 0.63753
0.28 27154 52594 0.61006
0.3 25955 49087 0.59853
0.32 24046 46019 0.59214
0.34 20678 43312 0.57784
0.36 16664 40906 0.54351
0.38 13132 38753 0.49233
0.4 10426 36816 0.43649
0.42 8376.7 35062 0.38459
0.45 6182.3 32725 0.32011
0.5 3877.6 29452 0.2441
0.55 2523.4 26775 0.19512
0.6 1752 24544 0.1609
0.65 1210.8 22656 0.13551
0.7 883.11 21037 0.11609
0.75 690.81 19635 0.10088
0.8 544.8 18408 0.088626
0.9 389.92 16362 0.070169
1 327.35 14726 0.056699
1.1 253.65 13387 0.046933
1.2 186.85 12272 0.039496
1.3 125.2 11328 0.033628
1.4 93.288 10519 0.029035
1.5 79.026 9817.5 0.025258
1.6 70.001 9203.9 0.022206
1.7 64.426 8662.5 0.019663
1.8 60.335 8181.2 0.017503
1.9 55.491 7750.6 0.015703
2 50.906 7363.1 0.014172
2.2 39.721 6693.7 0.011693
2.4 31.634 6135.9 0.0098191
2.6 26.756 5663.9 0.0083676
2.8 24.323 5259.4 0.0072019
3 22.164 4908.7 0.0062608
3.5 18.425 4207.5 0.0045791
4 15.955 3681.6 0.0034945
4.5 14.836 3272.5 0.0027454
5 22.066 2945.2 0.0022048
5.5 28.917 2677.5 0.0018028
6 25.719 2454.4 0.0014897
6.5 25.526 2265.6 0.0012457
7 30.488 2103.7 0.0010501
7.5 44.53 1963.5 0.00087991
8 363.14 1840.8 0.00071969
8.2 806.14 1795.9 0.00065987
8.4 1321.1 1753.1 0.00060974
8.6 1880.1 1712.4 0.00056504
8.8 2568.7 1673.4 0.00052204
9 3026.3 1636.2 0.00049606
9.2 3076.6 1600.7 0.00048058
9.4 3045.7 1566.6 0.00046786
9.6 2854.6 1534 0.00046562
9.8 2559.1 1502.7 0.00047302
10 2299.2 1472.6 0.00047918
10.2 2089.4 1443.7 0.00048288
10.4 1890.1 1416 0.00048805
10.6 1695.4 1389.3 0.00049544
10.8 1495.9 1363.5 0.00050567
11 1296.3 1338.7 0.00051635
11.2 1108.5 1314.8 0.00052389
11.4 938.2 1291.8 0.00052537
11.6 780.28 1269.5 0.00052148
11.8 636.74 1248 0.00050902
12 515.27 1227.2 0.00048994
12.5 362.03 1178.1 0.00042438
13 334.5 1132.8 0.00036869
13.5 378.12 1090.8 0.00032566
14 432.97 1051.9 0.00029353
14.5 475.18 1015.6 0.0002659
15 535.59 981.75 0.0002398
15.5 642.19 950.08 0.00021431
16 845.25 920.39 0.00019227
16.5 1061 892.5 0.00017453
17 1225.8 866.25 0.00016054
17.5 1324 841.5 0.00014971
18 1346.4 818.12 0.00014171
18.5 1300.5 796.01 0.00013654
19 1234.8 775.06 0.00013238
19.5 1174.8 755.19 0.00012814
20 1125.3 736.31 0.00012361
21 977.23 701.25 0.00011954
22 720.42 669.37 0.00013134
23 583.43 640.27 0.00013162
24 515.14 613.59 0.00012443
25 472.58 589.05 0.00011624
26 442.57 566.39 0.00010836
27 415.59 545.42 0.00010185
28 390.14 525.94 9.6162e-05
29 364.91 507.8 9.1308e-05
30 338.96 490.87 8.7154e-05
32 289.74 460.19 7.9993e-05
34 246.11 433.12 7.3683e-05
36 209.62 409.06 6.7696e-05
38 179.74 387.53 6.2065e-05
40 157.08 368.16 5.6686e-05
45 120.79 327.25 4.5366e-05
50 96.109 294.52 3.7158e-05
55 78.248 267.75 3.098e-05
60 68.385 245.44 2.6109e-05
65 56.533 226.56 2.2393e-05
70 48.657 210.37 1.943e-05
75 43.229 196.35 1.6936e-05
80 37.384 184.08 1.5012e-05
100 24.368 147.26 9.6502e-06
200 6.119 73.631 2.4209e-06
500 0.98025 29.452 3.8771e-07
