0.2 35906 73631 0.59365
0.22 38574 66937 0.57379
0.24 34412 61359 0.51239
0.26 29724 56639 0.43681
0.28 25156 52594 0.36707
0.3 20990 49087 0.30953
0.32 17069 46019 0.26383
0.34 13579 43312 0.22722
0.36 10811 40906 0.19794
0.38 8299.6 38753 0.1743
0.4 6539.5 36816 0.15503
0.42 5280 35062 0.1392
0.45 3679.4 32725 0.11985
0.5 1973.4 29452 0.09595
0.55 1250.8 26775 0.079079
0.6 833.14 24544 0.066278
0.65 574.91 22656 0.056395
0.7 437.9 21037 0.048625
0.75 348.66 19635 0.042374
0.8 291.22 18408 0.037249
0.9 225.67 16362 0.029504
1 184.37 14726 0.023813
1.1 144.65 13387 0.019678
1.2 103.13 12272 0.016545
1.3 77.374 11328 0.014071
1.4 59.854 10519 0.012161
1.5 50.21 9817.5 0.010554
1.6 45.132 9203.9 0.0092928
1.7 42.811 8662.5 0.0082215
1.8 40.956 8181.2 0.0073146
1.9 39.055 7750.6 0.0065667
2 34.409 7363.1 0.005922
2.2 27.998 6693.7 0.0048965
2.4 23.195 6135.9 0.0041129
2.6 20.312 5663.9 0.0035046
2.8 19.003 5259.4 0.0030159
3 17.601 4908.7 0.0026195
3.5 15.095 4207.5 0.0019198
4 13.408 3681.6 0.0014639
4.5 12.653 3272.5 0.0011521
5 20.173 2945.2 0.00092478
5.5 26.096 2677.5 0.00075649
6 23.836 2454.4 0.00062499
6.5 23.791 2265.6 0.00052328
7 28.567 2103.7 0.00044011
7.5 42.379 1963.5 0.00036927
8 362.29 1840.8 0.00030308
8.2 740.48 1795.9 0.00027882
8.4 1197.5 1753.1 0.00025727
8.6 1753.2 1712.4 0.00023816
8.8 2424.2 1673.4 0.00022024
9 2818.2 1636.2 0.00021001
9.2 3079.1 1600.7 0.00019843
9.4 3267.8 1566.6 0.00018863
9.6 3137.5 1534 0.00018563
9.8 2813.3 1502.7 0.00018858
10 2511.1 1472.6 0.00019212
10.2 2248.8 1443.7 0.00019569
10.4 2009.1 1416 0.00019965
10.6 1780.9 1389.3 0.0002045
10.8 1562.2 1363.5 0.00021013
11 1342.6 1338.7 0.00021642
11.2 1144.4 1314.8 0.00022056
11.4 961.24 1291.8 0.00022256
11.6 796 1269.5 0.0002221
11.8 637.76 1248 0.00021799
12 506.06 1227.2 0.00020945
12.5 337.53 1178.1 0.00017981
13 318.01 1132.8 0.00015542
13.5 364.92 1090.8 0.00013718
14 413.19 1051.9 0.00012367
14.5 451.22 1015.6 0.00011181
15 493.82 981.75 0.00010013
15.5 625.19 950.08 8.9315e-05
16 853.92 920.39 7.9757e-05
16.5 1088.2 892.5 7.2261e-05
17 1273.8 866.25 6.6409e-05
17.5 1374.9 841.5 6.1903e-05
18 1388.2 818.12 5.8709e-05
18.5 1327.8 796.01 5.6805e-05
19 1246.8 775.06 5.539e-05
19.5 1169.9 755.19 5.4041e-05
20 1115.2 736.31 5.2274e-05
21 977.67 701.25 5.0289e-05
22 726.14 669.37 5.4703e-05
23 604.91 640.27 5.3762e-05
24 547.07 613.59 5.0388e-05
25 509.49 589.05 4.6985e-05
26 479.84 566.39 4.393e-05
27 450.31 545.42 4.1435e-05
28 421.19 525.94 3.9311e-05
29 392.21 507.8 3.7491e-05
30 362.14 490.87 3.5949e-05
32 307.3 460.19 3.3183e-05
34 261.01 433.12 3.0619e-05
36 224.16 409.06 2.8144e-05
38 194.22 387.53 2.5843e-05
40 171.17 368.16 2.365e-05
45 132.07 327.25 1.9094e-05
50 107.12 294.52 1.5678e-05
55 87.813 267.75 1.3165e-05
60 72.816 245.44 1.1167e-05
65 61.496 226.56 9.5646e-06
70 53.361 210.37 8.2923e-06
75 46.299 196.35 7.2683e-06
80 40.442 184.08 6.4183e-06
100 25.793 147.26 4.1289e-06
200 6.4823 73.631 1.0364e-06
500 1.0387 29.452 1.6601e-07
