0.2 22230 73631 0.12895
0.22 24371 66937 0.10542
0.24 23058 61359 0.088208
0.26 20781 56639 0.075308
0.28 18016 52594 0.065203
0.3 15357 49087 0.057048
0.32 12663 46019 0.050389
0.34 10124 43312 0.044746
0.36 8125.1 40906 0.039901
0.38 6644.5 38753 0.035765
0.4 5533.9 36816 0.032226
0.42 4645.3 35062 0.029182
0.45 3618.2 32725 0.025359
0.5 2433.7 29452 0.020438
0.55 1666.1 26775 0.016871
0.6 1210.1 24544 0.014164
0.65 870.88 22656 0.012051
0.7 658.15 21037 0.010378
0.75 530.54 19635 0.0090424
0.8 429.37 18408 0.0079527
0.9 320.49 16362 0.0062963
1 278.7 14726 0.0050807
1.1 221.52 13387 0.0041992
1.2 166.48 12272 0.0035285
1.3 113.42 11328 0.003
1.4 85.601 10519 0.0025871
1.5 73.327 9817.5 0.002248
1.6 65.529 9203.9 0.0019745
1.7 60.763 8662.5 0.0017469
1.8 57.28 8181.2 0.0015538
1.9 52.961 7750.6 0.0013932
2 48.805 7363.1 0.0012567
2.2 38.365 6693.7 0.0010359
2.4 30.725 6135.9 0.00086932
2.6 26.099 5663.9 0.0007404
2.8 23.81 5259.4 0.00063697
3 21.758 4908.7 0.00055353
3.5 18.179 4207.5 0.00040458
4 15.793 3681.6 0.00030861
4.5 14.719 3272.5 0.00024238
5 21.93 2945.2 0.00019461
5.5 28.775 2677.5 0.0001591
6 25.619 2454.4 0.00013145
6.5 25.448 2265.6 0.00010991
7 30.415 2103.7 9.2636e-05
7.5 44.455 1963.5 7.7616e-05
8 362.86 1840.8 6.3471e-05
8.2 805.81 1795.9 5.8189e-05
8.4 1320.8 1753.1 5.3765e-05
8.6 1879.9 1712.4 4.9822e-05
8.8 2568.2 1673.4 4.6031e-05
9 3024.1 1636.2 4.3747e-05
9.2 3073.2 1600.7 4.2388e-05
9.4 3041.2 1566.6 4.1271e-05
9.6 2849.4 1534 4.1081e-05
9.8 2553.8 1502.7 4.1738e-05
10 2294.2 1472.6 4.2283e-05
10.2 2084.7 1443.7 4.2611e-05
10.4 1885.7 1416 4.3067e-05
10.6 1691.3 1389.3 4.3719e-05
10.8 1492.2 1363.5 4.462e-05
11 1293.1 1338.7 4.556e-05
11.2 1105.8 1314.8 4.6222e-05
11.4 935.96 1291.8 4.6349e-05
11.6 778.48 1269.5 4.6003e-05
11.8 635.35 1248 4.4901e-05
12 514.22 1227.2 4.3217e-05
12.5 361.43 1178.1 3.7433e-05
13 334.06 1132.8 3.252e-05
13.5 377.71 1090.8 2.8724e-05
14 432.56 1051.9 2.5891e-05
14.5 474.79 1015.6 2.3453e-05
15 535.22 981.75 2.1151e-05
15.5 641.82 950.08 1.8902e-05
16 844.84 920.39 1.6958e-05
16.5 1060.5 892.5 1.5393e-05
17 1225.3 866.25 1.4159e-05
17.5 1323.3 841.5 1.3205e-05
18 1345.6 818.12 1.25e-05
18.5 1299.7 796.01 1.2044e-05
19 1234 775.06 1.1677e-05
19.5 1174 755.19 1.1303e-05
20 1124.5 736.31 1.0903e-05
21 976.49 701.25 1.0545e-05
22 719.86 669.37 1.1585e-05
23 583.01 640.27 1.161e-05
24 514.8 613.59 1.0975e-05
25 472.29 589.05 1.0252e-05
26 442.32 566.39 9.5577e-06
27 415.37 545.42 8.9828e-06
28 389.95 525.94 8.4812e-06
29 364.74 507.8 8.0531e-06
30 338.81 490.87 7.6867e-06
32 289.62 460.19 7.055e-06
34 246.01 433.12 6.4984e-06
36 209.55 409.06 5.9704e-06
38 179.68 387.53 5.4737e-06
40 157.04 368.16 4.9992e-06
45 120.76 327.25 4.0009e-06
50 96.091 294.52 3.277e-06
55 78.236 267.75 2.7322e-06
60 68.376 245.44 2.3026e-06
65 56.527 226.56 1.9749e-06
70 48.652 210.37 1.7136e-06
75 43.225 196.35 1.4936e-06
80 37.381 184.08 1.3239e-06
100 24.367 147.26 8.5106e-07
200 6.1189 73.631 2.135e-07
500 0.98025 29.452 3.4193e-08
