0.2 15418 73631 0.86098
0.22 15972 66937 0.84121
0.24 16296 61359 0.8179
0.26 16352 56639 0.79782
0.28 16452 52594 0.77936
0.3 15809 49087 0.76204
0.32 15690 46019 0.75031
0.34 14797 43312 0.72869
0.36 12902 40906 0.72686
0.38 11799 38753 0.73115
0.4 11099 36816 0.71659
0.42 9287.8 35062 0.68755
0.45 6540.6 32725 0.68079
0.5 4705.6 29452 0.69802
0.55 2927 26775 0.64109
0.6 1746.6 24544 0.57989
0.65 1311.5 22656 0.5676
0.7 1130.8 21037 0.58561
0.75 924.15 19635 0.59876
0.8 719.43 18408 0.58044
0.9 465.52 16362 0.47458
1 331.99 14726 0.36442
1.1 241.79 13387 0.28772
1.2 163.51 12272 0.23444
1.3 116.94 11328 0.1954
1.4 87.249 10519 0.16688
1.5 70.343 9817.5 0.14374
1.6 61.416 9203.9 0.12604
1.7 56.6 8662.5 0.11125
1.8 52.724 8181.2 0.098869
1.9 49.217 7750.6 0.088727
2 42.52 7363.1 0.080023
2.2 33.515 6693.7 0.066227
2.4 27.056 6135.9 0.055705
2.6 23.207 5663.9 0.047536
2.8 21.331 5259.4 0.040966
3 19.465 4908.7 0.03563
3.5 16.265 4207.5 0.026182
4 14.195 3681.6 0.020005
4.5 13.233 3272.5 0.015767
5 20.9 2945.2 0.01267
5.5 26.845 2677.5 0.010374
6 24.375 2454.4 0.0085774
6.5 24.219 2265.6 0.0071861
7 28.962 2103.7 0.0060476
7.5 42.792 1963.5 0.0050776
8 363.92 1840.8 0.0041724
8.2 742.22 1795.9 0.0038407
8.4 1198.4 1753.1 0.0035457
8.6 1753 1712.4 0.0032833
8.8 2424.1 1673.4 0.0030366
9 2824.4 1636.2 0.0028936
9.2 3090.3 1600.7 0.002733
9.4 3287.3 1566.6 0.0025961
9.6 3164.9 1534 0.0025521
9.8 2843.7 1502.7 0.0025902
10 2541.2 1472.6 0.0026374
10.2 2277.7 1443.7 0.0026854
10.4 2036.1 1416 0.0027394
10.6 1805.8 1389.3 0.002806
10.8 1584.7 1363.5 0.0028836
11 1362.2 1338.7 0.0029709
11.2 1161.1 1314.8 0.003029
11.4 975.03 1291.8 0.0030579
11.6 807.12 1269.5 0.0030527
11.8 646.25 1248 0.0029971
12 512.31 1227.2 0.0028802
12.5 340.81 1178.1 0.0024729
13 320.47 1132.8 0.0021376
13.5 367.25 1090.8 0.0018868
14 415.48 1051.9 0.0017012
14.5 453.36 1015.6 0.0015381
15 495.73 981.75 0.0013777
15.5 627.13 950.08 0.001229
16 856.12 920.39 0.0010976
16.5 1090.8 892.5 0.00099439
17 1277.1 866.25 0.00091379
17.5 1378.9 841.5 0.00085166
18 1392.9 818.12 0.00080757
18.5 1332.7 796.01 0.00078125
19 1251.6 775.06 0.00076171
19.5 1174.5 755.19 0.00074312
20 1119.6 736.31 0.00071878
21 981.9 701.25 0.00069132
22 729.39 669.37 0.00075216
23 607.4 640.27 0.00073945
24 549.11 613.59 0.00069315
25 511.25 589.05 0.00064639
26 481.38 566.39 0.0006044
27 451.68 545.42 0.00057009
28 422.42 525.94 0.00054089
29 393.3 507.8 0.00051588
30 363.11 490.87 0.00049468
32 308.06 460.19 0.00045666
34 261.6 433.12 0.00042141
36 224.62 409.06 0.00038738
38 194.58 387.53 0.00035571
40 171.46 368.16 0.00032555
45 132.25 327.25 0.00026284
50 107.24 294.52 0.00021582
55 87.894 267.75 0.00018122
60 72.873 245.44 0.00015372
65 61.537 226.56 0.00013167
70 53.392 210.37 0.00011415
75 46.322 196.35 0.00010006
80 40.46 184.08 8.8357e-05
100 25.8 147.26 5.6839e-05
200 6.4828 73.631 1.4267e-05
500 1.0387 29.452 2.2853e-06
