0.2 9401.8 73631 0.90006
0.22 9685 66937 0.90535
0.24 9894.5 61359 0.90301
0.26 10061 56639 0.89674
0.28 10213 52594 0.88592
0.3 10351 49087 0.87103
0.32 10352 46019 0.84211
0.34 10226 43312 0.7965
0.36 10080 40906 0.74078
0.38 9399.8 38753 0.67903
0.4 9026.8 36816 0.66005
0.42 8879.8 35062 0.64515
0.45 7118.8 32725 0.65958
0.5 6289.7 29452 0.65659
0.55 4173.5 26775 0.70041
0.6 3795.6 24544 0.68173
0.65 2346.8 22656 0.65493
0.7 1849.9 21037 0.68253
0.75 1741.1 19635 0.69182
0.8 1397.6 18408 0.66343
0.9 829.38 16362 0.57827
1 770.32 14726 0.56859
1.1 677.42 13387 0.59403
1.2 474.28 12272 0.58521
1.3 277.78 11328 0.52235
1.4 186 10519 0.44425
1.5 144.83 9817.5 0.37329
1.6 121.33 9203.9 0.3177
1.7 106.83 8662.5 0.27393
1.8 96.124 8181.2 0.23884
1.9 85.629 7750.6 0.21114
2 76.356 7363.1 0.18851
2.2 56.56 6693.7 0.15345
2.4 43.144 6135.9 0.12799
2.6 35.195 5663.9 0.10874
2.8 30.973 5259.4 0.093486
3 27.451 4908.7 0.081269
3.5 21.649 4207.5 0.059551
4 18.086 3681.6 0.045557
4.5 16.379 3272.5 0.035875
5 23.875 2945.2 0.02887
5.5 30.806 2677.5 0.023647
6 27.045 2454.4 0.01957
6.5 26.566 2265.6 0.016387
7 31.454 2103.7 0.01383
7.5 45.519 1963.5 0.011606
8 366.64 1840.8 0.0095196
8.2 809.42 1795.9 0.0087424
8.4 1321.8 1753.1 0.0080877
8.6 1877.7 1712.4 0.0075005
8.8 2566.2 1673.4 0.0069318
9 3041.8 1636.2 0.0065763
9.2 3108.6 1600.7 0.00636
9.4 3093 1566.6 0.0061804
9.6 2913.5 1534 0.0061387
9.8 2621.4 1502.7 0.0062266
10 2360 1472.6 0.0063025
10.2 2147.8 1443.7 0.0063481
10.4 1945.4 1416 0.0064142
10.6 1747 1389.3 0.0065109
10.8 1542.9 1363.5 0.0066469
11 1337.8 1338.7 0.0067913
11.2 1144.1 1314.8 0.0068958
11.4 967.77 1291.8 0.0069208
11.6 804.18 1269.5 0.0068744
11.8 655.27 1248 0.0067136
12 529.3 1227.2 0.006464
12.5 369.89 1178.1 0.0056
13 340.35 1132.8 0.0048657
13.5 383.58 1090.8 0.0042986
14 438.35 1051.9 0.0038752
14.5 480.28 1015.6 0.003511
15 540.43 981.75 0.003167
15.5 646.86 950.08 0.002831
16 850.44 920.39 0.0025403
16.5 1067.2 892.5 0.0023059
17 1233.2 866.25 0.0021208
17.5 1332.8 841.5 0.0019772
18 1356.4 818.12 0.0018709
18.5 1311.1 796.01 0.0018021
19 1245.3 775.06 0.0017466
19.5 1185 755.19 0.0016905
20 1135.3 736.31 0.0016303
21 986.92 701.25 0.0015757
22 727.96 669.37 0.001732
23 589.12 640.27 0.001737
24 519.7 613.59 0.0016429
25 476.42 589.05 0.0015351
26 445.9 566.39 0.0014313
27 418.53 545.42 0.0013453
28 392.75 525.94 0.0012703
29 367.24 507.8 0.0012063
30 341.03 490.87 0.0011516
32 291.37 460.19 0.0010571
34 247.37 433.12 0.00097389
36 210.6 409.06 0.00089488
38 180.5 387.53 0.00082052
40 157.69 368.16 0.00074945
45 121.16 327.25 0.00059983
50 96.346 294.52 0.00049133
55 78.408 267.75 0.00040965
60 68.503 245.44 0.00034524
65 56.616 226.56 0.00029611
70 48.719 210.37 0.00025693
75 43.277 196.35 0.00022395
80 37.421 184.08 0.00019851
100 24.383 147.26 0.00012761
200 6.1199 73.631 3.2011e-05
500 0.98028 29.452 5.1267e-06
