0.2 17714 1.0256e+05 0.57961
0.22 18057 69342 0.58026
0.24 13930 49583 0.50766
0.26 10906 37498 0.41914
0.28 8923 29501 0.34618
0.3 6868.1 23612 0.29007
0.32 4997.8 18843 0.24678
0.34 3636.9 14982 0.2132
0.36 2270.1 11953 0.18649
0.38 1254.5 9601.8 0.16506
0.4 676.96 7769.3 0.14757
0.42 314.59 6322.2 0.13292
0.45 183.35 4726.3 0.11509
0.5 124.88 3017.8 0.092686
0.55 100.77 2037 0.076531
0.6 84.248 1416.3 0.064268
0.65 73.316 1012.8 0.05474
0.7 64.867 743.47 0.047198
0.75 58.484 560.1 0.041143
0.8 54.019 430.71 0.036196
0.9 48.719 265.89 0.028629
1 45.081 171.27 0.02317
1.1 40.171 115.57 0.019144
1.2 34.477 81.59 0.016108
1.3 29.007 57.406 0.013669
1.4 23.899 43.748 0.011846
1.5 21.214 31.899 0.010258
1.6 19.65 24.915 0.0090377
1.7 19.072 19.334 0.0079951
1.8 18.463 15.195 0.00712
1.9 17.496 12.073 0.0063783
2 16.173 10.047 0.0057785
2.2 13.481 6.7713 0.0047675
2.4 11.537 4.7261 0.004
2.6 10.524 3.4123 0.0034063
2.8 10.529 2.5154 0.0029336
3 9.8367 1.8852 0.0025509
3.5 8.6231 0.99145 0.001867
4 7.8085 0.56309 0.0014228
4.5 8.101 0.33554 0.0011165
5 16.54 0.20632 0.00089599
5.5 23.737 0.13072 0.00073299
6 21.731 0.081653 0.00060649
6.5 23.111 0.050745 0.00050775
7 27.657 0.030815 0.00042908
7.5 41.165 0.015116 0.00036101
8 279.91 0.0029465 0.00029614
8.2 708.11 0.0033747 0.00027059
8.4 1249.8 0.0095588 0.00024963
8.6 1841.3 0.019844 0.00023153
8.8 2506.4 0.034896 0.00021407
9 3167.3 0.053822 0.00019884
9.2 3612.6 0.071195 0.00018605
9.4 3730.8 0.083349 0.00017737
9.6 3471.2 0.085532 0.00017559
9.8 3004.4 0.079326 0.0001815
10 2566.7 0.070479 0.0001903
10.2 2202.8 0.062342 0.00019911
10.4 1911.5 0.055526 0.00020626
10.6 1656.9 0.049747 0.00021276
10.8 1423.4 0.044497 0.00021862
11 1205.3 0.03955 0.00022311
11.2 1013.6 0.034998 0.00022455
11.4 837 0.030907 0.00022354
11.6 672.1 0.026957 0.00021915
11.8 528.39 0.023136 0.00021083
12 420.64 0.019455 0.00019893
12.5 348.4 0.012801 0.00016931
13 357.89 0.0093219 0.00014927
13.5 380.24 0.0069703 0.00013324
14 406.97 0.005382 0.00012026
14.5 436.22 0.0041204 0.00010871
15 478.09 0.0029984 9.7597e-05
15.5 607.43 0.0022807 8.6865e-05
16 841.93 0.0022915 7.7428e-05
16.5 1121.3 0.0029974 6.972e-05
17 1346.9 0.003971 6.3784e-05
17.5 1489.7 0.004894 5.9054e-05
18 1513.1 0.0054382 5.5836e-05
18.5 1438.5 0.0055076 5.4124e-05
19 1338.7 0.0052761 5.2974e-05
19.5 1232.7 0.0049333 5.2256e-05
20 1144.9 0.0045866 5.1362e-05
21 976.27 0.0040039 5.0359e-05
22 777.81 0.0032212 5.185e-05
23 663.27 0.0025715 5.0586e-05
24 596.38 0.0021151 4.7908e-05
25 546.66 0.0017842 4.5202e-05
26 506.44 0.001528 4.2654e-05
27 467.75 0.0013214 4.0495e-05
28 432.22 0.0011516 3.8581e-05
29 399.62 0.0010088 3.6847e-05
30 367.19 0.00088482 3.5324e-05
32 309.73 0.00068655 3.256e-05
34 261.86 0.00053685 2.9981e-05
36 224.7 0.00042348 2.7454e-05
38 193.81 0.0003386 2.5181e-05
40 170.91 0.00027318 2.2995e-05
45 130.15 0.00016797 1.8539e-05
50 105.46 0.00010939 1.5184e-05
55 86.249 7.4249e-05 1.2661e-05
60 72.752 5.2147e-05 1.0691e-05
65 61.452 3.7764e-05 9.1659e-06
70 53.56 2.8118e-05 7.9525e-06
75 46.404 2.1337e-05 6.9637e-06
80 39.29 1.648e-05 6.1568e-06
100 25.467 6.6904e-06 3.948e-06
200 6.3955 4.133e-07 9.9049e-07
500 1.0246 1.0545e-08 1.5863e-07
