0.2 9839.7 73631 0.68385
0.22 12778 66937 0.72983
0.24 13209 61359 0.73147
0.26 13382 56639 0.72765
0.28 12833 52594 0.71095
0.3 11751 49087 0.68836
0.32 10293 46019 0.66426
0.34 8397.4 43312 0.64396
0.36 6600.9 40906 0.63491
0.38 5212.9 38753 0.63674
0.4 4185.8 36816 0.63772
0.42 2912.3 35062 0.63445
0.45 1809.1 32725 0.62832
0.5 861.97 29452 0.60965
0.55 561.4 26775 0.58345
0.6 409.11 24544 0.55298
0.65 331.09 22656 0.52474
0.7 278.74 21037 0.49448
0.75 237.53 19635 0.4626
0.8 207.07 18408 0.43205
0.9 167.66 16362 0.3803
1 139.73 14726 0.33503
1.1 111.2 13387 0.2895
1.2 85.839 12272 0.24504
1.3 66.343 11328 0.20469
1.4 52.352 10519 0.1741
1.5 44.195 9817.5 0.14821
1.6 39.48 9203.9 0.12883
1.7 36.806 8662.5 0.1129
1.8 34.567 8181.2 0.09992
1.9 31.875 7750.6 0.089143
2 29.242 7363.1 0.080314
2.2 23.229 6693.7 0.065919
2.4 18.872 6135.9 0.055274
2.6 16.289 5663.9 0.047176
2.8 15.315 5259.4 0.040613
3 14.035 4908.7 0.035375
3.5 11.816 4207.5 0.025933
4 10.254 3681.6 0.019867
4.5 9.8944 3272.5 0.015638
5 17.838 2945.2 0.012595
5.5 24.472 2677.5 0.01031
6 22.155 2454.4 0.0085299
6.5 22.693 2265.6 0.0071557
7 27.708 2103.7 0.0060339
7.5 40.698 1963.5 0.005075
8 345.89 1840.8 0.004172
8.2 812.28 1795.9 0.0038258
8.4 1296 1753.1 0.0035327
8.6 1848.6 1712.4 0.0032774
8.8 2479.4 1673.4 0.0030277
9 3139.4 1636.2 0.00281
9.2 3522.2 1600.7 0.0026402
9.4 3555.9 1566.6 0.0025431
9.6 3260 1534 0.002544
9.8 2909.5 1502.7 0.0025862
10 2567.4 1472.6 0.0026552
10.2 2265.6 1443.7 0.0027308
10.4 1992.2 1416 0.0028178
10.6 1721.5 1389.3 0.0029236
10.8 1486.2 1363.5 0.003014
11 1270.8 1338.7 0.0030846
11.2 1075.7 1314.8 0.0031239
11.4 897.28 1291.8 0.0031318
11.6 726.93 1269.5 0.003098
11.8 561.48 1248 0.0030044
12 442.32 1227.2 0.0028465
12.5 352.63 1178.1 0.002418
13 348.58 1132.8 0.002118
13.5 383.08 1090.8 0.0018822
14 414.76 1051.9 0.0017052
14.5 453.25 1015.6 0.0015349
15 475.46 981.75 0.0013824
15.5 620.22 950.08 0.0012306
16 826.8 920.39 0.0010979
16.5 1099.3 892.5 0.00098707
17 1326.9 866.25 0.00089994
17.5 1468.6 841.5 0.00083142
18 1503.2 818.12 0.00078303
18.5 1426.5 796.01 0.00075919
19 1330.1 775.06 0.00074172
19.5 1220.8 755.19 0.00073321
20 1111.7 736.31 0.00073057
21 928 701.25 0.00072752
22 744.27 669.37 0.00074511
23 635.13 640.27 0.00072541
24 569.07 613.59 0.00068656
25 525.74 589.05 0.0006437
26 494.01 566.39 0.00060243
27 462.23 545.42 0.00056925
28 433.26 525.94 0.00053996
29 400.4 507.8 0.00051822
30 363.4 490.87 0.00050053
32 303.49 460.19 0.00046241
34 258.24 433.12 0.00042429
36 222.18 409.06 0.00038933
38 190.98 387.53 0.00035761
40 169.47 368.16 0.00032538
45 134.87 327.25 0.00026153
50 104.75 294.52 0.00021669
55 87.323 267.75 0.00018034
60 72.189 245.44 0.00015301
65 61.263 226.56 0.00013083
70 52.95 210.37 0.00011346
75 47.303 196.35 9.9194e-05
80 39.902 184.08 8.8044e-05
100 25.457 147.26 5.6456e-05
200 6.3939 73.631 1.4167e-05
500 1.0244 29.452 2.2691e-06
