0.2 9552.2 73631 0.67063
0.22 12035 66937 0.63952
0.24 12930 61359 0.63664
0.26 13009 56639 0.68302
0.28 12754 52594 0.68338
0.3 11250 49087 0.70008
0.32 11067 46019 0.69127
0.34 8422.3 43312 0.67677
0.36 6319.3 40906 0.70522
0.38 5629.3 38753 0.70543
0.4 4663.7 36816 0.6766
0.42 2856.7 35062 0.65812
0.45 1734.5 32725 0.68016
0.5 1024.5 29452 0.68929
0.55 570.68 26775 0.62544
0.6 394.42 24544 0.57902
0.65 358.97 22656 0.57777
0.7 335.4 21037 0.59775
0.75 289.74 19635 0.60251
0.8 241.62 18408 0.57385
0.9 172.33 16362 0.45994
1 135.24 14726 0.3554
1.1 107.79 13387 0.28187
1.2 84.864 12272 0.23057
1.3 66.617 11328 0.19219
1.4 52.8 10519 0.16472
1.5 44.645 9817.5 0.14182
1.6 39.83 9203.9 0.12435
1.7 37.072 8662.5 0.10974
1.8 34.762 8181.2 0.097647
1.9 32.01 7750.6 0.087459
2 29.332 7363.1 0.079018
2.2 23.266 6693.7 0.065101
2.4 18.885 6135.9 0.054699
2.6 16.291 5663.9 0.046738
2.8 15.314 5259.4 0.04026
3 14.031 4908.7 0.035077
3.5 11.812 4207.5 0.025718
4 10.25 3681.6 0.019698
4.5 9.891 3272.5 0.015501
5 17.832 2945.2 0.01248
5.5 24.466 2677.5 0.010213
6 22.151 2454.4 0.0084482
6.5 22.689 2265.6 0.0070857
7 27.705 2103.7 0.0059736
7.5 40.695 1963.5 0.005023
8 345.89 1840.8 0.0041272
8.2 812.33 1795.9 0.0037835
8.4 1296.1 1753.1 0.0034928
8.6 1848.9 1712.4 0.0032399
8.8 2479.9 1673.4 0.0029926
9 3140.2 1636.2 0.0027777
9.2 3523.1 1600.7 0.0026104
9.4 3556.6 1566.6 0.0025156
9.6 3260.5 1534 0.0025177
9.8 2909.8 1502.7 0.0025605
10 2567.5 1472.6 0.0026295
10.2 2265.6 1443.7 0.0027048
10.4 1992.1 1416 0.0027912
10.6 1721.4 1389.3 0.002896
10.8 1486.1 1363.5 0.0029852
11 1270.6 1338.7 0.0030546
11.2 1075.5 1314.8 0.0030931
11.4 897.16 1291.8 0.0031004
11.6 726.83 1269.5 0.0030667
11.8 561.4 1248 0.0029738
12 442.26 1227.2 0.0028174
12.5 352.6 1178.1 0.0023933
13 348.55 1132.8 0.0020962
13.5 383.05 1090.8 0.0018629
14 414.74 1051.9 0.0016876
14.5 453.23 1015.6 0.001519
15 475.45 981.75 0.001368
15.5 620.21 950.08 0.0012178
16 826.8 920.39 0.0010863
16.5 1099.3 892.5 0.00097669
17 1326.9 866.25 0.0008905
17.5 1468.6 841.5 0.00082273
18 1503.2 818.12 0.00077492
18.5 1426.5 796.01 0.0007514
19 1330.1 775.06 0.00073415
19.5 1220.8 755.19 0.00072576
20 1111.7 736.31 0.00072317
21 927.96 701.25 0.00072017
22 744.24 669.37 0.00073753
23 635.11 640.27 0.00071797
24 569.05 613.59 0.00067947
25 525.73 589.05 0.00063704
26 494 566.39 0.00059618
27 462.22 545.42 0.00056333
28 433.25 525.94 0.00053434
29 400.38 507.8 0.00051282
30 363.39 490.87 0.00049531
32 303.49 460.19 0.00045756
34 258.23 433.12 0.00041983
36 222.17 409.06 0.00038522
38 190.98 387.53 0.00035383
40 169.47 368.16 0.00032194
45 134.87 327.25 0.00025876
50 104.75 294.52 0.0002144
55 87.322 267.75 0.00017843
60 72.188 245.44 0.00015139
65 61.262 226.56 0.00012945
70 52.95 210.37 0.00011225
75 47.303 196.35 9.8143e-05
80 39.902 184.08 8.7111e-05
100 25.457 147.26 5.5857e-05
200 6.3939 73.631 1.4017e-05
500 1.0244 29.452 2.2451e-06
