0.2 14107 73631 0.87987
0.22 14758 66937 0.86423
0.24 14996 61359 0.83891
0.26 15156 56639 0.81266
0.28 15162 52594 0.78918
0.3 15188 49087 0.76697
0.32 14343 46019 0.74474
0.34 13962 43312 0.73475
0.36 13272 40906 0.71631
0.38 11062 38753 0.7107
0.4 9886.3 36816 0.72341
0.42 9488.5 35062 0.71765
0.45 7122.3 32725 0.67625
0.5 4133.9 29452 0.68827
0.55 3291.9 26775 0.68728
0.6 1941.7 24544 0.62319
0.65 1241.8 22656 0.57471
0.7 1032.4 21037 0.56817
0.75 918.58 19635 0.58564
0.8 785.3 18408 0.59902
0.9 526.1 16362 0.54549
1 360.61 14726 0.43347
1.1 256.65 13387 0.34169
1.2 171.87 12272 0.27622
1.3 122.31 11328 0.22853
1.4 91.061 10519 0.19418
1.5 73.205 9817.5 0.16661
1.6 63.795 9203.9 0.14572
1.7 58.654 8662.5 0.12839
1.8 54.503 8181.2 0.11396
1.9 50.774 7750.6 0.10218
2 43.776 7363.1 0.092104
2.2 34.382 6693.7 0.076173
2.4 27.669 6135.9 0.06405
2.6 23.669 5663.9 0.054651
2.8 21.704 5259.4 0.047098
3 19.765 4908.7 0.040965
3.5 16.455 4207.5 0.030109
4 14.323 3681.6 0.02301
4.5 13.328 3272.5 0.018138
5 21.018 2945.2 0.014579
5.5 26.967 2677.5 0.011938
6 24.463 2454.4 0.0098717
6.5 24.288 2265.6 0.0082712
7 29.026 2103.7 0.0069615
7.5 42.859 1963.5 0.0058455
8 364.18 1840.8 0.0048043
8.2 742.47 1795.9 0.0044228
8.4 1198.4 1753.1 0.0040834
8.6 1752.8 1712.4 0.0037815
8.8 2423.8 1673.4 0.0034974
9 2825.1 1636.2 0.0033325
9.2 3091.7 1600.7 0.0031474
9.4 3290.1 1566.6 0.0029893
9.6 3169 1534 0.0029381
9.8 2848.4 1502.7 0.0029816
10 2545.9 1472.6 0.0030356
10.2 2282.2 1443.7 0.0030907
10.4 2040.4 1416 0.0031528
10.6 1809.8 1389.3 0.0032293
10.8 1588.3 1363.5 0.0033187
11 1365.4 1338.7 0.0034194
11.2 1163.8 1314.8 0.0034864
11.4 977.27 1291.8 0.0035199
11.6 808.93 1269.5 0.0035141
11.8 647.63 1248 0.0034504
12 513.33 1227.2 0.0033158
12.5 341.34 1178.1 0.0028469
13 320.87 1132.8 0.002461
13.5 367.63 1090.8 0.0021723
14 415.84 1051.9 0.0019585
14.5 453.71 1015.6 0.0017709
15 496.04 981.75 0.0015862
15.5 627.44 950.08 0.001415
16 856.47 920.39 0.0012637
16.5 1091.2 892.5 0.0011449
17 1277.7 866.25 0.0010521
17.5 1379.6 841.5 0.00098054
18 1393.6 818.12 0.00092976
18.5 1333.5 796.01 0.00089943
19 1252.3 775.06 0.00087692
19.5 1175.2 755.19 0.00085551
20 1120.4 736.31 0.00082748
21 982.58 701.25 0.00079584
22 729.92 669.37 0.0008659
23 607.8 640.27 0.00085131
24 549.44 613.59 0.00079803
25 511.54 589.05 0.0007442
26 481.64 566.39 0.00069586
27 451.91 545.42 0.00065637
28 422.62 525.94 0.00062275
29 393.48 507.8 0.00059396
30 363.27 490.87 0.00056956
32 308.18 460.19 0.00052578
34 261.69 433.12 0.0004852
36 224.7 409.06 0.00044603
38 194.64 387.53 0.00040957
40 171.5 368.16 0.00037484
45 132.28 327.25 0.00030264
50 107.26 294.52 0.00024851
55 87.907 267.75 0.00020867
60 72.882 245.44 0.000177
65 61.543 226.56 0.00015161
70 53.397 210.37 0.00013144
75 46.326 196.35 0.00011521
80 40.463 184.08 0.00010174
100 25.802 147.26 6.5447e-05
200 6.4829 73.631 1.6427e-05
500 1.0387 29.452 2.6313e-06
