0.2 10232 18579 0.85168
0.22 11139 14488 0.80095
0.24 11098 11936 0.69112
0.26 10508 12658 0.62222
0.28 9736.1 13794 0.58286
0.3 9003.3 18980 0.61692
0.32 7616.2 22137 0.61116
0.34 5651.4 29049 0.66161
0.36 4713.5 36348 0.65285
0.38 2543 36925 0.64858
0.4 1331.2 41045 0.69368
0.42 718.55 46411 0.70104
0.45 462.01 44688 0.66867
0.5 268.87 40450 0.68414
0.55 261.8 40484 0.70143
0.6 205.39 32643 0.66013
0.65 156.43 27672 0.60582
0.7 141.31 25756 0.58549
0.75 139.34 23823 0.593
0.8 135.22 20645 0.60734
0.9 110.57 13653 0.5803
1 87.558 9434.5 0.48119
1.1 70.559 7025.5 0.38377
1.2 57.013 5410.4 0.31091
1.3 45.398 4033.1 0.25592
1.4 36.305 3222 0.21762
1.5 30.847 2400.9 0.18586
1.6 27.798 1913.4 0.16239
1.7 26.188 1500 0.14288
1.8 24.671 1185.9 0.12683
1.9 22.808 945.17 0.1134
2 20.729 790.78 0.10262
2.2 16.652 533.37 0.084632
2.4 13.83 371.87 0.07106
2.6 12.318 268.11 0.060582
2.8 12.079 197.25 0.052245
3 11.096 147.52 0.04549
3.5 9.429 77.249 0.033391
4 8.3602 43.724 0.025503
4.5 8.5428 25.982 0.020048
5 17.246 15.938 0.016112
5.5 24.54 10.08 0.013196
6 22.309 6.285 0.010929
6.5 23.592 3.8999 0.0091568
7 28.102 2.3649 0.0077436
7.5 41.621 1.1576 0.0065209
8 281.05 0.22465 0.005358
8.2 708.41 0.25662 0.004901
8.4 1247.5 0.72577 0.0045247
8.6 1836 1.5061 0.0041985
8.8 2498.9 2.6496 0.003883
9 3164.1 4.0965 0.0036055
9.2 3621.4 5.4392 0.0033707
9.4 3757.5 6.3981 0.0032086
9.6 3512 6.5943 0.0031704
9.8 3050 6.1334 0.0032714
10 2610.6 5.4568 0.0034269
10.2 2242.8 4.8298 0.0035842
10.4 1947.5 4.303 0.0037131
10.6 1688.8 3.8556 0.003831
10.8 1451.1 3.4487 0.0039383
11 1228.6 3.0648 0.0040214
11.2 1032.8 2.7112 0.0040498
11.4 852.39 2.3935 0.0040336
11.6 683.85 2.0866 0.003956
11.8 536.98 1.7899 0.0038066
12 426.84 1.5041 0.0035922
12.5 352.37 0.98803 0.0030576
13 361.26 0.71883 0.0026961
13.5 383.24 0.5371 0.0024067
14 409.72 0.41449 0.0021726
14.5 438.72 0.31716 0.0019641
15 480.3 0.23066 0.0017637
15.5 609.57 0.17534 0.00157
16 844.24 0.1761 0.0013997
16.5 1124.1 0.23035 0.0012604
17 1350.7 0.3053 0.001153
17.5 1494.6 0.37651 0.0010672
18 1519.1 0.41866 0.0010088
18.5 1445.1 0.42425 0.0009776
19 1345.3 0.40654 0.00095664
19.5 1239 0.3802 0.00094355
20 1150.8 0.35352 0.00092735
21 981.61 0.30865 0.00090911
22 782.07 0.24829 0.00093622
23 666.68 0.19817 0.00091363
24 599.21 0.16296 0.00086542
25 549.09 0.13745 0.00081662
26 508.57 0.1177 0.00077066
27 469.61 0.10178 0.00073171
28 433.86 0.088688 0.00069718
29 401.07 0.077682 0.00066589
30 368.47 0.068131 0.00063841
32 310.71 0.052857 0.00058853
34 262.62 0.041326 0.00054197
36 225.29 0.032595 0.00049632
38 194.27 0.026059 0.00045525
40 171.28 0.021022 0.00041576
45 130.38 0.012924 0.00033521
50 105.61 0.0084158 0.00027455
55 86.349 0.0057116 0.00022894
60 72.823 0.0040112 0.00019332
65 61.504 0.0029046 0.00016574
70 53.598 0.0021627 0.0001438
75 46.433 0.0016411 0.00012592
80 39.312 0.0012674 0.00011133
100 25.477 0.00051451 7.1388e-05
200 6.396 3.178e-05 1.791e-05
500 1.0246 8.1087e-07 2.8685e-06
