0.2 22474 73631 0.74146
0.22 23066 66937 0.77982
0.24 23116 61359 0.77541
0.26 22136 56639 0.77075
0.28 22183 52594 0.76514
0.3 21027 49087 0.74034
0.32 18543 46019 0.71715
0.34 16877 43312 0.71558
0.36 15966 40906 0.71694
0.38 13901 38753 0.69677
0.4 11036 36816 0.6553
0.42 8700.6 35062 0.61409
0.45 6372.6 32725 0.57866
0.5 4284.2 29452 0.58646
0.55 2884.5 26775 0.59452
0.6 1731.2 24544 0.54135
0.65 1068.5 22656 0.45684
0.7 753.57 21037 0.37996
0.75 569.48 19635 0.3193
0.8 457.19 18408 0.27255
0.9 334.24 16362 0.20792
1 258.39 14726 0.16444
1.1 194.26 13387 0.13455
1.2 133.64 12272 0.11257
1.3 97.072 11328 0.095541
1.4 73.269 10519 0.082522
1.5 59.97 9817.5 0.071636
1.6 52.944 9203.9 0.063109
1.7 49.382 8662.5 0.055879
1.8 46.537 8181.2 0.049761
1.9 43.852 7750.6 0.044711
2 38.226 7363.1 0.040356
2.2 30.58 6693.7 0.033418
2.4 24.996 6135.9 0.028107
2.6 21.66 5663.9 0.023977
2.8 20.085 5259.4 0.020654
3 18.467 4908.7 0.017954
3.5 15.638 4207.5 0.013179
4 13.773 3681.6 0.01006
4.5 12.922 3272.5 0.0079232
5 20.51 2945.2 0.0063635
5.5 26.443 2677.5 0.0052078
6 24.086 2454.4 0.0043042
6.5 23.989 2265.6 0.0036048
7 28.75 2103.7 0.0030327
7.5 42.571 1963.5 0.0025454
8 363.06 1840.8 0.0020903
8.2 741.33 1795.9 0.0019235
8.4 1198 1753.1 0.0017752
8.6 1753.3 1712.4 0.0016435
8.8 2424.5 1673.4 0.0015199
9 2821.6 1636.2 0.0014489
9.2 3084.9 1600.7 0.0013687
9.4 3277.5 1566.6 0.0013006
9.6 3150.8 1534 0.0012793
9.8 2827.8 1502.7 0.0012991
10 2525.4 1472.6 0.0013231
10.2 2262.4 1443.7 0.0013475
10.4 2021.8 1416 0.0013747
10.6 1792.5 1389.3 0.0014082
10.8 1572.7 1363.5 0.001447
11 1351.7 1338.7 0.0014906
11.2 1152.1 1314.8 0.0015194
11.4 967.63 1291.8 0.0015335
11.6 801.15 1269.5 0.0015306
11.8 641.69 1248 0.0015025
12 508.95 1227.2 0.0014438
12.5 339.05 1178.1 0.0012395
13 319.15 1132.8 0.0010715
13.5 366 1090.8 0.0009457
14 414.25 1051.9 0.0008526
14.5 452.22 1015.6 0.00077085
15 494.71 981.75 0.0006904
15.5 626.1 950.08 0.00061585
16 854.95 920.39 0.00054997
16.5 1089.4 892.5 0.00049828
17 1275.4 866.25 0.00045791
17.5 1376.8 841.5 0.00042681
18 1390.4 818.12 0.00040475
18.5 1330.1 796.01 0.00039159
19 1249 775.06 0.00038182
19.5 1172 755.19 0.00037251
20 1117.3 736.31 0.00036032
21 979.63 701.25 0.0003466
22 727.65 669.37 0.00037706
23 606.06 640.27 0.00037063
24 548.01 613.59 0.0003474
25 510.31 589.05 0.00032395
26 480.55 566.39 0.00030289
27 450.94 545.42 0.00028569
28 421.76 525.94 0.00027105
29 392.71 507.8 0.00025852
30 362.59 490.87 0.00024789
32 307.65 460.19 0.00022882
34 261.28 433.12 0.00021115
36 224.37 409.06 0.00019409
38 194.39 387.53 0.00017822
40 171.3 368.16 0.0001631
45 132.15 327.25 0.00013169
50 107.18 294.52 0.00010813
55 87.85 267.75 9.0792e-05
60 72.843 245.44 7.7015e-05
65 61.515 226.56 6.5965e-05
70 53.375 210.37 5.719e-05
75 46.31 196.35 5.0128e-05
80 40.451 184.08 4.4266e-05
100 25.796 147.26 2.8476e-05
200 6.4826 73.631 7.1477e-06
500 1.0387 29.452 1.1449e-06
