0.2 10557 73631 0.89586
0.22 10933 66937 0.90021
0.24 11183 61359 0.89454
0.26 11362 56639 0.88096
0.28 11573 52594 0.862
0.3 11565 49087 0.82968
0.32 11632 46019 0.79197
0.34 11177 43312 0.73484
0.36 10760 40906 0.70162
0.38 10350 38753 0.671
0.4 8773.8 36816 0.66592
0.42 8036.9 35062 0.67958
0.45 7225.9 32725 0.65911
0.5 4098.5 29452 0.70142
0.55 3293.2 26775 0.66588
0.6 1890.1 24544 0.66147
0.65 1523.6 22656 0.6907
0.7 1295.5 21037 0.68025
0.75 906.93 19635 0.63065
0.8 678.16 18408 0.58655
0.9 577.4 16362 0.57008
1 513.32 14726 0.60019
1.1 361.62 13387 0.57321
1.2 223.78 12272 0.49332
1.3 149.81 11328 0.40737
1.4 108.47 10519 0.33996
1.5 85.496 9817.5 0.28563
1.6 73.903 9203.9 0.24594
1.7 67.405 8662.5 0.21398
1.8 62.147 8181.2 0.18814
1.9 57.551 7750.6 0.16757
2 49.302 7363.1 0.15029
2.2 38.272 6693.7 0.12351
2.4 30.453 6135.9 0.10349
2.6 25.79 5663.9 0.088143
2.8 23.425 5259.4 0.075891
3 21.152 4908.7 0.065983
3.5 17.335 4207.5 0.048499
4 14.919 3681.6 0.037085
4.5 13.768 3272.5 0.029252
5 21.57 2945.2 0.023525
5.5 27.536 2677.5 0.019274
6 24.873 2454.4 0.015946
6.5 24.613 2265.6 0.013366
7 29.325 2103.7 0.011254
7.5 43.171 1963.5 0.0094548
8 365.36 1840.8 0.0077779
8.2 743.58 1795.9 0.0071639
8.4 1198.6 1753.1 0.0066171
8.6 1751.5 1712.4 0.0061298
8.8 2421.7 1673.4 0.0056704
9 2827.2 1636.2 0.0054007
9.2 3097.1 1600.7 0.0050993
9.4 3301.6 1566.6 0.0048407
9.6 3187 1534 0.004754
9.8 2869.4 1502.7 0.0048207
10 2567.3 1472.6 0.0049059
10.2 2303.1 1443.7 0.0049934
10.4 2060.2 1416 0.0050929
10.6 1828.2 1389.3 0.0052162
10.8 1605.1 1363.5 0.005361
11 1380.2 1338.7 0.0055247
11.2 1176.4 1314.8 0.0056347
11.4 987.75 1291.8 0.0056905
11.6 817.41 1269.5 0.0056827
11.8 654.12 1248 0.0055808
12 518.12 1227.2 0.0053637
12.5 343.85 1178.1 0.0046054
13 322.75 1132.8 0.0039812
13.5 369.41 1090.8 0.0035143
14 417.58 1051.9 0.0031687
14.5 455.32 1015.6 0.0028652
15 497.48 981.75 0.0025666
15.5 628.89 950.08 0.0022898
16 858.09 920.39 0.0020451
16.5 1093.2 892.5 0.0018529
17 1280.1 866.25 0.0017026
17.5 1382.5 841.5 0.0015866
18 1397 818.12 0.0015043
18.5 1337.1 796.01 0.001455
19 1255.9 775.06 0.0014185
19.5 1178.7 755.19 0.0013838
20 1123.7 736.31 0.0013384
21 985.78 701.25 0.001287
22 732.39 669.37 0.0014005
23 609.7 640.27 0.0013772
24 551.01 613.59 0.0012911
25 512.88 589.05 0.0012041
26 482.82 566.39 0.0011259
27 452.96 545.42 0.0010621
28 423.56 525.94 0.0010077
29 394.32 507.8 0.00096116
30 364.01 490.87 0.0009217
32 308.76 460.19 0.00085092
34 262.15 433.12 0.00078529
36 225.05 409.06 0.00072192
38 194.92 387.53 0.00066293
40 171.73 368.16 0.00060673
45 132.42 327.25 0.00048989
50 107.35 294.52 0.00040226
55 87.969 267.75 0.00033777
60 72.926 245.44 0.00028652
65 61.575 226.56 0.00024541
70 53.42 210.37 0.00021277
75 46.344 196.35 0.0001865
80 40.477 184.08 0.00016469
100 25.807 147.26 0.00010594
200 6.4832 73.631 2.6592e-05
500 1.0387 29.452 4.2595e-06
