0.2 17544 73631 0.82448
0.22 18187 66937 0.8294
0.24 18286 61359 0.82117
0.26 18254 56639 0.80837
0.28 17973 52594 0.79116
0.3 17429 49087 0.77071
0.32 16546 46019 0.74551
0.34 15291 43312 0.71801
0.36 13898 40906 0.69462
0.38 12540 38753 0.67847
0.4 11279 36816 0.66845
0.42 10048 35062 0.66006
0.45 8330.8 32725 0.64837
0.5 5931.2 29452 0.62319
0.55 4182.7 26775 0.59346
0.6 3044.5 24544 0.55975
0.65 2149.1 22656 0.5289
0.7 1601.3 21037 0.49897
0.75 1259.2 19635 0.46747
0.8 980.76 18408 0.43632
0.9 688.53 16362 0.38374
1 562.07 14726 0.33998
1.1 416.24 13387 0.29685
1.2 288.06 12272 0.25306
1.3 181.98 11328 0.2123
1.4 130.08 10519 0.17937
1.5 106.34 9817.5 0.15289
1.6 91.676 9203.9 0.1324
1.7 82.394 8662.5 0.11596
1.8 75.469 8181.2 0.10242
1.9 68.152 7750.6 0.09141
2 61.521 7363.1 0.082205
2.2 46.659 6693.7 0.067562
2.4 36.332 6135.9 0.056657
2.6 30.177 5663.9 0.048274
2.8 27.007 5259.4 0.041569
3 24.291 4908.7 0.036164
3.5 19.716 4207.5 0.026508
4 16.806 3681.6 0.020268
4.5 15.451 3272.5 0.015948
5 22.788 2945.2 0.012825
5.5 29.67 2677.5 0.010498
6 26.248 2454.4 0.0086828
6.5 25.941 2265.6 0.0072667
7 30.874 2103.7 0.0061296
7.5 44.925 1963.5 0.0051409
8 364.56 1840.8 0.0042116
8.2 807.57 1795.9 0.003865
8.4 1321.7 1753.1 0.0035736
8.6 1879.7 1712.4 0.0033129
8.8 2568.8 1673.4 0.0030612
9 3033.9 1636.2 0.0029061
9.2 3090.8 1600.7 0.0028125
9.4 3065.9 1566.6 0.0027352
9.6 2879.2 1534 0.0027191
9.8 2584.7 1502.7 0.0027599
10 2324 1472.6 0.0027946
10.2 2113.1 1443.7 0.0028154
10.4 1912.4 1416 0.0028452
10.6 1716.2 1389.3 0.0028882
10.8 1514.7 1363.5 0.0029483
11 1312.9 1338.7 0.0030116
11.2 1122.7 1314.8 0.003057
11.4 949.99 1291.8 0.0030671
11.6 789.79 1269.5 0.0030456
11.8 644.11 1248 0.0029738
12 520.85 1227.2 0.0028629
12.5 365.15 1178.1 0.0024801
13 336.83 1132.8 0.0021548
13.5 380.29 1090.8 0.0019035
14 435.11 1051.9 0.0017159
14.5 477.22 1015.6 0.0015545
15 537.53 981.75 0.0014021
15.5 644.06 950.08 0.0012532
16 847.35 920.39 0.0011244
16.5 1063.5 892.5 0.0010207
17 1228.8 866.25 0.00093879
17.5 1327.6 841.5 0.00087534
18 1350.4 818.12 0.00082839
18.5 1304.8 796.01 0.00079803
19 1239 775.06 0.00077357
19.5 1178.9 755.19 0.00074875
20 1129.3 736.31 0.00072217
21 981.1 701.25 0.00069816
22 723.42 669.37 0.00076727
23 585.69 640.27 0.00076926
24 516.96 613.59 0.00072744
25 474.11 589.05 0.00067962
26 443.89 566.39 0.00063363
27 416.76 545.42 0.00059556
28 391.18 525.94 0.00056234
29 365.84 507.8 0.00053399
30 339.78 490.87 0.00050972
32 290.39 460.19 0.00046789
34 246.61 433.12 0.00043102
36 210.01 409.06 0.00039603
38 180.04 387.53 0.00036311
40 157.32 368.16 0.00033165
45 120.93 327.25 0.00026543
50 96.203 294.52 0.00021741
55 78.311 267.75 0.00018127
60 68.432 245.44 0.00015277
65 56.566 226.56 0.00013102
70 48.681 210.37 0.00011369
75 43.248 196.35 9.9098e-05
80 37.399 184.08 8.7839e-05
100 24.374 147.26 5.6465e-05
200 6.1194 73.631 1.4165e-05
500 0.98026 29.452 2.2685e-06
