0.2 15169 43935 0.62537
0.22 16070 48766 0.67298
0.24 14978 60022 0.72087
0.26 14120 60901 0.6977
0.28 11327 59433 0.69021
0.3 10115 63252 0.70608
0.32 8780.5 63721 0.70392
0.34 6446.7 57089 0.66747
0.36 3779.2 51662 0.61701
0.38 2086.6 49390 0.58399
0.4 1210 48174 0.57431
0.42 621.14 46129 0.58143
0.45 394.15 39493 0.60107
0.5 250.02 26457 0.58203
0.55 178.28 18855 0.49662
0.6 136.52 14268 0.40496
0.65 112.52 11063 0.33195
0.7 95.927 8651.2 0.27733
0.75 84.052 6824.2 0.23628
0.8 75.723 5419.2 0.20454
0.9 65.26 3469.1 0.15874
1 57.97 2268.4 0.12734
1.1 49.933 1540.3 0.10481
1.2 41.702 1090.5 0.088066
1.3 34.179 765.82 0.07473
1.4 27.687 584.32 0.064779
1.5 24.102 424.61 0.05615
1.6 22.038 331.47 0.049509
1.7 21.126 256.77 0.043837
1.8 20.233 201.46 0.039074
1.9 18.997 159.83 0.035032
2 17.447 132.97 0.031758
2.2 14.358 89.424 0.026236
2.4 12.166 62.307 0.022036
2.6 11.013 44.929 0.018782
2.8 10.95 33.082 0.016188
3 10.178 24.77 0.014085
3.5 8.8402 13.005 0.010321
4 7.9568 7.3775 0.0078712
4.5 8.2195 4.3923 0.0061802
5 16.73 2.6989 0.004962
5.5 23.953 1.7091 0.0040606
6 21.886 1.067 0.0033608
6.5 23.24 0.66283 0.0028142
7 27.777 0.40235 0.0023787
7.5 41.287 0.19726 0.0020018
8 280.23 0.038405 0.0016428
8.2 708.24 0.043957 0.0015015
8.4 1249.3 0.12446 0.0013854
8.6 1840.2 0.25837 0.0012851
8.8 2505 0.45443 0.0011882
9 3167.4 0.70138 0.0011036
9.2 3616.1 0.92875 0.0010323
9.4 3739.2 1.0887 0.00098373
9.6 3483.1 1.1184 0.00097336
9.8 3017.3 1.038 0.0010057
10 2578.9 0.92256 0.0010542
10.2 2213.8 0.81615 0.0011029
10.4 1921.3 0.72695 0.0011426
10.6 1665.5 0.6513 0.0011787
10.8 1430.9 0.58255 0.0012113
11 1211.6 0.51776 0.0012364
11.2 1018.8 0.45812 0.0012446
11.4 841.12 0.40453 0.0012392
11.6 675.24 0.35278 0.001215
11.8 530.69 0.30274 0.0011689
12 422.29 0.25452 0.001103
12.5 349.46 0.16739 0.00093878
13 358.79 0.12187 0.00082771
13.5 381.04 0.091108 0.00073881
14 407.71 0.070337 0.00066687
14.5 436.89 0.053842 0.00060283
15 478.69 0.039174 0.00054124
15.5 608.01 0.029792 0.00048175
16 842.56 0.02993 0.00042943
16.5 1122.1 0.039152 0.00038668
17 1348 0.051874 0.00035375
17.5 1491 0.063943 0.0003275
18 1514.7 0.071066 0.00030963
18.5 1440.3 0.071984 0.00030011
19 1340.5 0.068963 0.00029372
19.5 1234.4 0.064486 0.00028973
20 1146.5 0.059955 0.00028477
21 977.71 0.05234 0.0002792
22 778.95 0.042107 0.00028748
23 664.18 0.033613 0.00028049
24 597.13 0.027645 0.00026566
25 547.31 0.023319 0.00025066
26 507.01 0.019971 0.00023653
27 468.24 0.01727 0.00022457
28 432.66 0.01505 0.00021396
29 400.01 0.013183 0.00020435
30 367.53 0.011563 0.0001959
32 309.99 0.0089716 0.00018058
34 262.06 0.0070152 0.00016628
36 224.86 0.0055335 0.00015227
38 193.93 0.0044243 0.00013966
40 171.01 0.0035693 0.00012754
45 130.21 0.0021946 0.00010283
50 105.5 0.0014292 8.4221e-05
55 86.276 0.00097004 7.0228e-05
60 72.771 0.00068128 5.9301e-05
65 61.466 0.00049336 5.084e-05
70 53.57 0.00036734 4.411e-05
75 46.412 0.00027875 3.8626e-05
80 39.296 0.00021529 3.415e-05
100 25.47 8.7401e-05 2.1898e-05
200 6.3956 5.399e-06 5.4939e-06
500 1.0246 1.3776e-07 8.799e-07
