0.2 4425.2 73631 0.021354
0.22 7058.7 66937 0.017469
0.24 7429.1 61359 0.014643
0.26 7452.4 56639 0.012481
0.28 6766.6 52594 0.010793
0.3 5752.9 49087 0.0094241
0.32 4622.7 46019 0.0083005
0.34 3422.5 43312 0.0073556
0.36 2502.2 40906 0.0065475
0.38 1893.6 38753 0.0058618
0.4 1479.4 36816 0.0052771
0.42 1008 35062 0.0047765
0.45 619.17 32725 0.0041491
0.5 303.93 29452 0.0033464
0.55 203.88 26775 0.0027605
0.6 155.94 24544 0.0023161
0.65 131.75 22656 0.001971
0.7 114.91 21037 0.0016967
0.75 102.71 19635 0.0014759
0.8 93.738 18408 0.0012979
0.9 81.566 16362 0.0010234
1 72.486 14726 0.00082742
1.1 62.412 13387 0.00068336
1.2 51.99 12272 0.00057446
1.3 43.131 11328 0.0004874
1.4 35.436 10519 0.00042197
1.5 31.328 9817.5 0.00036558
1.6 28.848 9203.9 0.00032161
1.7 27.702 8662.5 0.0002843
1.8 26.696 8181.2 0.0002531
1.9 25.188 7750.6 0.00022668
2 23.531 7363.1 0.00020472
2.2 19.357 6693.7 0.0001684
2.4 16.147 6135.9 0.00014125
2.6 14.218 5663.9 0.00012049
2.8 13.614 5259.4 0.00010362
3 12.657 4908.7 9.0155e-05
3.5 10.95 4207.5 6.5906e-05
4 9.6692 3681.6 5.0376e-05
4.5 9.4509 3272.5 3.958e-05
5 17.2 2945.2 3.1829e-05
5.5 23.773 2677.5 2.6023e-05
6 21.655 2454.4 2.1507e-05
6.5 22.285 2265.6 1.8027e-05
7 27.324 2103.7 1.5188e-05
7.5 40.302 1963.5 1.2762e-05
8 344.47 1840.8 1.0472e-05
8.2 811.07 1795.9 9.593e-06
8.4 1296.3 1753.1 8.8513e-06
8.6 1850.5 1712.4 8.2078e-06
8.8 2482.4 1673.4 7.58e-06
9 3137.8 1636.2 7.038e-06
9.2 3510.2 1600.7 6.6195e-06
9.4 3530.6 1566.6 6.3872e-06
9.6 3227.1 1534 6.401e-06
9.8 2874.3 1502.7 6.5161e-06
10 2532.9 1472.6 6.696e-06
10.2 2233 1443.7 6.8901e-06
10.4 1961.9 1416 7.1114e-06
10.6 1694.6 1389.3 7.3769e-06
10.8 1462.6 1363.5 7.6016e-06
11 1250.6 1338.7 7.7747e-06
11.2 1058.8 1314.8 7.8687e-06
11.4 883.55 1291.8 7.8837e-06
11.6 716.23 1269.5 7.7948e-06
11.8 553.74 1248 7.5565e-06
12 436.75 1227.2 7.1583e-06
12.5 349.19 1178.1 6.0804e-06
13 345.79 1132.8 5.3252e-06
13.5 380.51 1090.8 4.7319e-06
14 412.34 1051.9 4.2863e-06
14.5 451.02 1015.6 3.8578e-06
15 473.54 981.75 3.4738e-06
15.5 618.24 950.08 3.0919e-06
16 824.7 920.39 2.758e-06
16.5 1096.8 892.5 2.4795e-06
17 1323.6 866.25 2.2609e-06
17.5 1464.4 841.5 2.0892e-06
18 1498 818.12 1.9682e-06
18.5 1420.9 796.01 1.9089e-06
19 1324.6 775.06 1.8654e-06
19.5 1215.5 755.19 1.8443e-06
20 1106.7 736.31 1.8379e-06
21 923.66 701.25 1.8303e-06
22 740.84 669.37 1.874e-06
23 632.4 640.27 1.8239e-06
24 566.81 613.59 1.7258e-06
25 523.8 589.05 1.6179e-06
26 492.31 566.39 1.514e-06
27 460.72 545.42 1.4305e-06
28 431.9 525.94 1.3569e-06
29 399.18 507.8 1.3021e-06
30 362.34 490.87 1.2576e-06
32 302.68 460.19 1.1616e-06
34 257.61 433.12 1.0657e-06
36 221.69 409.06 9.7784e-07
38 190.6 387.53 8.9811e-07
40 169.17 368.16 8.1714e-07
45 134.68 327.25 6.5675e-07
50 104.63 294.52 5.4413e-07
55 87.238 267.75 4.5285e-07
60 72.129 245.44 3.8421e-07
65 61.22 226.56 3.2853e-07
70 52.918 210.37 2.8489e-07
75 47.278 196.35 2.4908e-07
80 39.883 184.08 2.2108e-07
100 25.449 147.26 1.4176e-07
200 6.3934 73.631 3.5574e-08
500 1.0243 29.452 5.6978e-09
