0.2 8154.5 10841 0.81736
0.22 8750.5 13066 0.8722
0.24 8701.3 13590 0.86227
0.26 8654.7 12306 0.81017
0.28 8349.8 10705 0.74067
0.3 8055.6 9554.1 0.61393
0.32 6620 11152 0.55745
0.34 6122.2 12302 0.48833
0.36 3739.7 16746 0.54348
0.38 2920.6 22354 0.55442
0.4 1427 23283 0.57778
0.42 649.19 28715 0.64016
0.45 510.38 34435 0.62995
0.5 279.32 34509 0.70359
0.55 280.79 36939 0.68632
0.6 194.53 31853 0.67386
0.65 181.56 32501 0.70099
0.7 179.78 30643 0.70076
0.75 149.07 25572 0.66274
0.8 122.75 22336 0.6173
0.9 114.12 19861 0.58767
1 115.37 16103 0.60945
1.1 95.343 11520 0.59473
1.2 72.447 8559.6 0.52615
1.3 54.214 6451.7 0.43963
1.4 42.329 5355.6 0.37052
1.5 35.211 4148.6 0.31063
1.6 31.541 3422.3 0.26756
1.7 29.536 2755.6 0.23249
1.8 27.682 2222.8 0.2044
1.9 25.46 1798.2 0.18144
2 23.081 1523.2 0.16336
2.2 18.357 1042.3 0.13377
2.4 15.1 732.38 0.11188
2.6 13.332 530.37 0.095172
2.8 12.969 391.09 0.08198
3 11.825 292.79 0.071338
3.5 9.9036 153.41 0.052354
4 8.6878 86.776 0.040003
4.5 8.8064 51.513 0.031465
5 17.668 31.567 0.025302
5.5 25.021 19.948 0.020732
6 22.655 12.426 0.017179
6.5 23.88 7.7036 0.0144
7 28.369 4.6679 0.012182
7.5 41.893 2.282 0.010264
8 281.69 0.44167 0.0084417
8.2 708.4 0.50362 0.0077273
8.4 1245.6 1.4228 0.0071378
8.6 1831.7 2.9513 0.0066255
8.8 2492.3 5.1923 0.0061291
9 3158.8 8.0376 0.0056905
9.2 3622.3 10.695 0.0053176
9.4 3769 12.617 0.0050577
9.6 3533 13.039 0.0049918
9.8 3075 12.151 0.0051454
10 2635.4 10.822 0.0053864
10.2 2266 9.5834 0.0056321
10.4 1968.5 8.5404 0.0058343
10.6 1707.6 7.6537 0.0060202
10.8 1467.5 6.8463 0.0061901
11 1242.6 6.084 0.0063227
11.2 1044.4 5.3815 0.0063693
11.4 861.68 4.7502 0.0063455
11.6 690.97 4.1402 0.0062246
11.8 542.19 3.5504 0.0059903
12 430.6 2.9822 0.0056531
12.5 354.77 1.9571 0.0048119
13 363.29 1.4231 0.0042432
13.5 385.05 1.0628 0.0037881
14 411.37 0.81993 0.0034198
14.5 440.21 0.62721 0.0030919
15 481.62 0.45597 0.0027766
15.5 610.84 0.34648 0.002472
16 845.58 0.34788 0.002204
16.5 1125.7 0.45505 0.0019847
17 1352.8 0.60327 0.0018155
17.5 1497.4 0.74427 0.0016803
18 1522.6 0.82795 0.0015881
18.5 1448.9 0.83929 0.0015387
19 1349.1 0.80443 0.0015055
19.5 1242.7 0.75241 0.0014848
20 1154.4 0.69965 0.0014592
21 984.81 0.61092 0.0014304
22 784.64 0.49142 0.0014732
23 668.73 0.39218 0.0014379
24 600.92 0.32247 0.0013621
25 550.56 0.27196 0.0012854
26 509.85 0.23287 0.0012131
27 470.74 0.20135 0.0011519
28 434.86 0.17545 0.0010976
29 401.96 0.15367 0.0010483
30 369.24 0.13477 0.0010051
32 311.31 0.10455 0.00092665
34 263.08 0.081733 0.00085339
36 225.65 0.06446 0.00078155
38 194.55 0.051532 0.00071691
40 171.51 0.041569 0.00065473
45 130.51 0.025552 0.0005279
50 105.7 0.016638 0.00043238
55 86.41 0.011291 0.00036055
60 72.866 0.0079294 0.00030446
65 61.535 0.0057418 0.00026102
70 53.622 0.0042749 0.00022647
75 46.451 0.0032438 0.00019831
80 39.326 0.0025053 0.00017533
100 25.482 0.001017 0.00011243
200 6.3964 6.2812e-05 2.8207e-05
500 1.0246 1.6026e-06 4.5176e-06
