0.2 9359.1 73631 0.89406
0.22 9640.4 66937 0.90108
0.24 9850.1 61359 0.90111
0.26 10025 56639 0.89639
0.28 10185 52594 0.88557
0.3 10311 49087 0.86866
0.32 10282 46019 0.83473
0.34 10125 43312 0.78493
0.36 9968.3 40906 0.72826
0.38 9024 38753 0.6598
0.4 8542.4 36816 0.64439
0.42 8265.7 35062 0.629
0.45 6060.4 32725 0.65134
0.5 4575 29452 0.63419
0.55 2812.9 26775 0.69451
0.6 2379.7 24544 0.66874
0.65 1376.6 22656 0.6534
0.7 1129.5 21037 0.68382
0.75 1052.4 19635 0.69035
0.8 844.07 18408 0.65877
0.9 533.74 16362 0.5785
1 479.77 14726 0.57573
1.1 407.42 13387 0.60019
1.2 267 12272 0.58197
1.3 173.38 11328 0.51341
1.4 121.49 10519 0.4365
1.5 93.258 9817.5 0.36596
1.6 79.679 9203.9 0.31288
1.7 72.135 8662.5 0.27
1.8 66.19 8181.2 0.23568
1.9 61.139 7750.6 0.20876
2 52.251 7363.1 0.18641
2.2 40.396 6693.7 0.15229
2.4 32.002 6135.9 0.12716
2.6 26.987 5663.9 0.10807
2.8 24.406 5259.4 0.092934
3 21.948 4908.7 0.080743
3.5 17.846 4207.5 0.059309
4 15.266 3681.6 0.04535
4.5 14.026 3272.5 0.035778
5 21.894 2945.2 0.028782
5.5 27.87 2677.5 0.023587
6 25.114 2454.4 0.019518
6.5 24.803 2265.6 0.016364
7 29.5 2103.7 0.013782
7.5 43.354 1963.5 0.011581
8 366.04 1840.8 0.0095325
8.2 744.18 1795.9 0.0087827
8.4 1198.5 1753.1 0.0081146
8.6 1750.5 1712.4 0.0075186
8.8 2420 1673.4 0.0069559
9 2827.8 1636.2 0.0066236
9.2 3099.5 1600.7 0.006253
9.4 3307.5 1566.6 0.0059343
9.6 3196.8 1534 0.0058253
9.8 2881.2 1502.7 0.0059044
10 2579.4 1472.6 0.006007
10.2 2315.1 1443.7 0.006113
10.4 2071.7 1416 0.0062341
10.6 1838.9 1389.3 0.0063849
10.8 1614.9 1363.5 0.0065622
11 1388.9 1338.7 0.0067634
11.2 1183.8 1314.8 0.0068992
11.4 993.92 1291.8 0.0069687
11.6 822.41 1269.5 0.0069601
11.8 657.94 1248 0.006836
12 520.94 1227.2 0.0065706
12.5 345.32 1178.1 0.0056416
13 323.86 1132.8 0.0048771
13.5 370.46 1090.8 0.0043053
14 418.59 1051.9 0.003882
14.5 456.27 1015.6 0.0035104
15 498.32 981.75 0.0031446
15.5 629.73 950.08 0.0028057
16 859.02 920.39 0.002506
16.5 1094.3 892.5 0.0022705
17 1281.5 866.25 0.0020862
17.5 1384.2 841.5 0.001944
18 1399 818.12 0.0018429
18.5 1339.2 796.01 0.0017825
19 1258 775.06 0.0017376
19.5 1180.7 755.19 0.001695
20 1125.6 736.31 0.0016394
21 987.66 701.25 0.0015762
22 733.84 669.37 0.0017154
23 610.82 640.27 0.0016871
24 551.92 613.59 0.0015818
25 513.67 589.05 0.0014752
26 483.52 566.39 0.0013795
27 453.58 545.42 0.0013013
28 424.11 525.94 0.0012347
29 394.81 507.8 0.0011777
30 364.45 490.87 0.0011293
32 309.1 460.19 0.0010426
34 262.41 433.12 0.00096226
36 225.26 409.06 0.00088463
38 195.08 387.53 0.00081237
40 171.86 368.16 0.0007435
45 132.5 327.25 0.00060033
50 107.41 294.52 0.00049295
55 88.006 267.75 0.00041393
60 72.952 245.44 0.00035112
65 61.593 226.56 0.00030075
70 53.434 210.37 0.00026074
75 46.355 196.35 0.00022855
80 40.485 184.08 0.00020182
100 25.811 147.26 0.00012983
200 6.4834 73.631 3.2588e-05
500 1.0387 29.452 5.2199e-06
