0.2 7088.4 73631 0.82078
0.22 8775.5 66937 0.8813
0.24 9228.3 61359 0.86745
0.26 9533.7 56639 0.83001
0.28 9430 52594 0.78465
0.3 9264.2 49087 0.70056
0.32 8360 46019 0.63416
0.34 7876.9 43312 0.55212
0.36 5687.7 40906 0.5444
0.38 5303.2 38753 0.57084
0.4 4320.2 36816 0.5673
0.42 2705.9 35062 0.62855
0.45 2174.7 32725 0.63239
0.5 875.43 29452 0.68601
0.55 726.44 26775 0.68327
0.6 453.04 24544 0.65771
0.65 384 22656 0.68821
0.7 381 21037 0.69673
0.75 317.72 19635 0.6645
0.8 250.66 18408 0.6165
0.9 211.31 16362 0.57795
1 208 14726 0.60019
1.1 168.51 13387 0.59707
1.2 122.37 12272 0.53612
1.3 88.57 11328 0.45048
1.4 67.867 10519 0.37922
1.5 55.66 9817.5 0.31771
1.6 49.05 9203.9 0.27277
1.7 45.117 8662.5 0.23657
1.8 41.875 8181.2 0.20776
1.9 38.183 7750.6 0.18428
2 34.72 7363.1 0.16535
2.2 27.021 6693.7 0.13497
2.4 21.584 6135.9 0.11285
2.6 18.375 5663.9 0.096179
2.8 17.044 5259.4 0.082741
3 15.442 4908.7 0.07205
3.5 12.708 4207.5 0.052831
4 10.859 3681.6 0.040495
4.5 10.355 3272.5 0.031896
5 18.5 2945.2 0.025703
5.5 25.199 2677.5 0.021051
6 22.675 2454.4 0.017425
6.5 23.117 2265.6 0.014623
7 28.107 2103.7 0.012336
7.5 41.108 1963.5 0.01038
8 347.31 1840.8 0.0085411
8.2 813.26 1795.9 0.0078367
8.4 1295 1753.1 0.0072396
8.6 1845.3 1712.4 0.0067183
8.8 2474 1673.4 0.0062078
9 3137.5 1636.2 0.0057606
9.2 3530.2 1600.7 0.0054099
9.4 3577.9 1566.6 0.0052067
9.6 3291 1534 0.0052039
9.8 2943.8 1502.7 0.0052864
10 2601.8 1472.6 0.0054247
10.2 2298.4 1443.7 0.0055776
10.4 2022.9 1416 0.0057544
10.6 1749.1 1389.3 0.0059709
10.8 1510.6 1363.5 0.0061566
11 1291.7 1338.7 0.0063025
11.2 1093.2 1314.8 0.0063849
11.4 911.6 1291.8 0.0064027
11.6 738.11 1269.5 0.0063353
11.8 569.58 1248 0.0061448
12 448.14 1227.2 0.0058221
12.5 356.23 1178.1 0.0049458
13 351.48 1132.8 0.0043322
13.5 385.74 1090.8 0.0038503
14 417.26 1051.9 0.0034883
14.5 455.56 1015.6 0.0031402
15 477.45 981.75 0.0028283
15.5 622.25 950.08 0.0025181
16 828.93 920.39 0.0022466
16.5 1101.9 892.5 0.00202
17 1330.2 866.25 0.0018416
17.5 1472.9 841.5 0.0017012
18 1508.4 818.12 0.0016019
18.5 1432.2 796.01 0.0015529
19 1335.8 775.06 0.001517
19.5 1226.4 755.19 0.0014995
20 1116.9 736.31 0.001494
21 932.49 701.25 0.0014877
22 747.85 669.37 0.0015239
23 637.98 640.27 0.0014838
24 571.43 613.59 0.0014045
25 527.77 589.05 0.0013169
26 495.8 566.39 0.0012325
27 463.82 545.42 0.0011647
28 434.68 525.94 0.0011048
29 401.67 507.8 0.0010603
30 364.51 490.87 0.0010242
32 304.34 460.19 0.00094623
34 258.89 433.12 0.00086828
36 222.69 409.06 0.00079676
38 191.38 387.53 0.00073187
40 169.79 368.16 0.00066593
45 135.08 327.25 0.00053526
50 104.88 294.52 0.0004435
55 87.412 267.75 0.00036911
60 72.251 245.44 0.00031317
65 61.308 226.56 0.00026778
70 52.984 210.37 0.00023222
75 47.33 196.35 0.00020302
80 39.922 184.08 0.0001802
100 25.465 147.26 0.00011555
200 6.3944 73.631 2.8996e-05
500 1.0244 29.452 4.6443e-06
