0.2 18549 73631 0.79049
0.22 19076 66937 0.79735
0.24 19371 61359 0.7892
0.26 19021 56639 0.78103
0.28 19214 52594 0.77185
0.3 18089 49087 0.75545
0.32 17021 46019 0.75212
0.34 16530 43312 0.74288
0.36 14762 40906 0.71406
0.38 11857 38753 0.69324
0.4 10270 36816 0.69926
0.42 9595.8 35062 0.7076
0.45 7794.2 32725 0.68975
0.5 3828 29452 0.60144
0.55 2585.5 26775 0.56767
0.6 2026 24544 0.58502
0.65 1444.7 22656 0.5977
0.7 1008.3 21037 0.56575
0.75 721.09 19635 0.50151
0.8 551.91 18408 0.43207
0.9 384.79 16362 0.32273
1 291.28 14726 0.24884
1.1 216.9 13387 0.20026
1.2 148.06 12272 0.16583
1.3 106.64 11328 0.13983
1.4 79.937 10519 0.12031
1.5 64.884 9817.5 0.10418
1.6 56.928 9203.9 0.091644
1.7 52.759 8662.5 0.081073
1.8 49.421 8181.2 0.072161
1.9 46.344 7750.6 0.064821
2 40.216 7363.1 0.0585
2.2 31.935 6693.7 0.048446
2.4 25.945 6135.9 0.040755
2.6 22.371 5663.9 0.034777
2.8 20.657 5259.4 0.029966
3 18.925 4908.7 0.026057
3.5 15.926 4207.5 0.019137
4 13.966 3681.6 0.014615
4.5 13.065 3272.5 0.011515
5 20.688 2945.2 0.0092508
5.5 26.627 2677.5 0.0075724
6 24.218 2454.4 0.0062597
6.5 24.094 2265.6 0.0052434
7 28.847 2103.7 0.0044119
7.5 42.672 1963.5 0.0037036
8 363.46 1840.8 0.0030422
8.2 741.75 1795.9 0.0027999
8.4 1198.2 1753.1 0.0025844
8.6 1753.2 1712.4 0.0023929
8.8 2424.4 1673.4 0.002213
9 2823 1636.2 0.0021092
9.2 3087.5 1600.7 0.0019923
9.4 3282.2 1566.6 0.0018929
9.6 3157.4 1534 0.0018614
9.8 2835.2 1502.7 0.0018897
10 2532.7 1472.6 0.0019245
10.2 2269.4 1443.7 0.0019597
10.4 2028.4 1416 0.0019992
10.6 1798.6 1389.3 0.0020478
10.8 1578.2 1363.5 0.0021044
11 1356.5 1338.7 0.0021679
11.2 1156.2 1314.8 0.00221
11.4 971.02 1291.8 0.0022308
11.6 803.88 1269.5 0.0022268
11.8 643.77 1248 0.0021861
12 510.49 1227.2 0.0021007
12.5 339.85 1178.1 0.0018036
13 319.75 1132.8 0.0015591
13.5 366.57 1090.8 0.0013761
14 414.81 1051.9 0.0012407
14.5 452.74 1015.6 0.0011217
15 495.18 981.75 0.0010047
15.5 626.57 950.08 0.00089622
16 855.49 920.39 0.00080036
16.5 1090.1 892.5 0.00072513
17 1276.2 866.25 0.00066637
17.5 1377.8 841.5 0.00062109
18 1391.5 818.12 0.00058897
18.5 1331.3 796.01 0.0005698
19 1250.2 775.06 0.00055557
19.5 1173.2 755.19 0.00054202
20 1118.3 736.31 0.00052427
21 980.67 701.25 0.00050428
22 728.44 669.37 0.00054862
23 606.67 640.27 0.00053931
24 548.52 613.59 0.00050552
25 510.74 589.05 0.0004714
26 480.93 566.39 0.00044077
27 451.28 545.42 0.00041575
28 422.06 525.94 0.00039445
29 392.98 507.8 0.00037621
30 362.82 490.87 0.00036074
32 307.83 460.19 0.000333
34 261.43 433.12 0.00030729
36 224.49 409.06 0.00028247
38 194.48 387.53 0.00025938
40 171.37 368.16 0.00023738
45 132.2 327.25 0.00019166
50 107.21 294.52 0.00015737
55 87.87 267.75 0.00013214
60 72.857 245.44 0.00011209
65 61.525 226.56 9.6006e-05
70 53.383 210.37 8.3236e-05
75 46.316 196.35 7.2957e-05
80 40.455 184.08 6.4425e-05
100 25.798 147.26 4.1444e-05
200 6.4827 73.631 1.0403e-05
500 1.0387 29.452 1.6663e-06
