0.2 8266.8 73631 0.36787
0.22 11675 66937 0.28824
0.24 11562 61359 0.23399
0.26 11099 56639 0.19522
0.28 9760.3 52594 0.16626
0.3 8063.5 49087 0.14356
0.32 6313.7 46019 0.12546
0.34 4559.7 43312 0.11057
0.36 3251.5 40906 0.098101
0.38 2404.4 38753 0.087685
0.4 1839.7 36816 0.078889
0.42 1231 35062 0.071386
0.45 738.37 32725 0.062038
0.5 351.05 29452 0.050116
0.55 229.96 26775 0.041415
0.6 172.67 24544 0.034805
0.65 143.77 22656 0.029661
0.7 123.92 21037 0.025566
0.75 109.7 19635 0.022262
0.8 99.362 18408 0.019595
0.9 85.413 16362 0.015473
1 75.242 14726 0.012523
1.1 64.37 13387 0.010351
1.2 53.363 12272 0.008707
1.3 44.089 11328 0.0073913
1.4 36.124 10519 0.0064014
1.5 31.849 9817.5 0.0055479
1.6 29.271 9203.9 0.004882
1.7 28.06 8662.5 0.0043166
1.8 27.001 8181.2 0.0038437
1.9 25.445 7750.6 0.0034429
2 23.748 7363.1 0.0031099
2.2 19.503 6693.7 0.0025587
2.4 16.248 6135.9 0.0021465
2.6 14.295 5663.9 0.0018313
2.8 13.676 5259.4 0.0015751
3 12.707 4908.7 0.0013705
3.5 10.982 4207.5 0.001002
4 9.6904 3681.6 0.00076598
4.5 9.4669 3272.5 0.00060187
5 17.223 2945.2 0.00048403
5.5 23.798 2677.5 0.00039574
6 21.673 2454.4 0.00032709
6.5 22.299 2265.6 0.00027416
7 27.337 2103.7 0.00023099
7.5 40.316 1963.5 0.0001941
8 344.53 1840.8 0.00015929
8.2 811.13 1795.9 0.00014591
8.4 1296.3 1753.1 0.00013463
8.6 1850.5 1712.4 0.00012485
8.8 2482.4 1673.4 0.0001153
9 3138 1636.2 0.00010705
9.2 3510.9 1600.7 0.00010068
9.4 3531.7 1566.6 9.7145e-05
9.6 3228.4 1534 9.7351e-05
9.8 2875.7 1502.7 9.9096e-05
10 2534.2 1472.6 0.00010183
10.2 2234.3 1443.7 0.00010478
10.4 1963.1 1416 0.00010815
10.6 1695.6 1389.3 0.00011218
10.8 1463.5 1363.5 0.0001156
11 1251.3 1338.7 0.00011824
11.2 1059.4 1314.8 0.00011967
11.4 884.04 1291.8 0.0001199
11.6 716.62 1269.5 0.00011855
11.8 554.02 1248 0.00011493
12 436.95 1227.2 0.00010887
12.5 349.32 1178.1 9.2479e-05
13 345.89 1132.8 8.0993e-05
13.5 380.61 1090.8 7.197e-05
14 412.43 1051.9 6.5193e-05
14.5 451.1 1015.6 5.8675e-05
15 473.61 981.75 5.2836e-05
15.5 618.31 950.08 4.7028e-05
16 824.78 920.39 4.1948e-05
16.5 1096.9 892.5 3.7713e-05
17 1323.7 866.25 3.4388e-05
17.5 1464.5 841.5 3.1776e-05
18 1498.2 818.12 2.9936e-05
18.5 1421.1 796.01 2.9033e-05
19 1324.8 775.06 2.8371e-05
19.5 1215.7 755.19 2.8051e-05
20 1106.8 736.31 2.7953e-05
21 923.82 701.25 2.7837e-05
22 740.96 669.37 2.8503e-05
23 632.5 640.27 2.774e-05
24 566.89 613.59 2.6249e-05
25 523.87 589.05 2.4608e-05
26 492.37 566.39 2.3028e-05
27 460.77 545.42 2.1758e-05
28 431.95 525.94 2.0637e-05
29 399.23 507.8 1.9805e-05
30 362.38 490.87 1.9128e-05
32 302.71 460.19 1.7668e-05
34 257.64 433.12 1.621e-05
36 221.71 409.06 1.4873e-05
38 190.61 387.53 1.366e-05
40 169.18 368.16 1.2429e-05
45 134.69 327.25 9.9891e-06
50 104.63 294.52 8.2763e-06
55 87.241 267.75 6.8879e-06
60 72.131 245.44 5.8438e-06
65 61.221 226.56 4.9969e-06
70 52.919 210.37 4.3332e-06
75 47.279 196.35 3.7885e-06
80 39.884 184.08 3.3626e-06
100 25.449 147.26 2.1562e-06
200 6.3934 73.631 5.4108e-07
500 1.0243 29.452 8.6664e-08
