0.2 16688 73631 0.81177
0.22 17489 66937 0.81428
0.24 17662 61359 0.80653
0.26 17838 56639 0.79471
0.28 17469 52594 0.78084
0.3 17634 49087 0.77002
0.32 16781 46019 0.74755
0.34 15197 43312 0.73978
0.36 14519 40906 0.73891
0.38 13658 38753 0.71876
0.4 11473 36816 0.6918
0.42 9678.5 35062 0.68823
0.45 8653 32725 0.70374
0.5 6598.1 29452 0.67429
0.55 3968.7 26775 0.59688
0.6 2998.5 24544 0.56937
0.65 2457.3 22656 0.58335
0.7 1918.8 21037 0.59764
0.75 1435.4 19635 0.57713
0.8 1044.3 18408 0.52474
0.9 657.4 16362 0.40235
1 507.79 14726 0.30735
1.1 375.64 13387 0.24461
1.2 266.62 12272 0.20074
1.3 172.47 11328 0.16824
1.4 124.76 10519 0.14394
1.5 102.65 9817.5 0.12453
1.6 88.737 9203.9 0.10915
1.7 79.886 8662.5 0.096495
1.8 73.288 8181.2 0.085829
1.9 66.262 7750.6 0.076991
2 59.886 7363.1 0.069492
2.2 45.541 6693.7 0.057384
2.4 35.551 6135.9 0.048242
2.6 29.596 5663.9 0.041157
2.8 26.545 5259.4 0.035463
3 23.922 4908.7 0.030861
3.5 19.488 4207.5 0.022618
4 16.655 3681.6 0.017286
4.5 15.342 3272.5 0.013596
5 22.659 2945.2 0.010928
5.5 29.536 2677.5 0.008942
6 26.154 2454.4 0.0073931
6.5 25.867 2265.6 0.0061854
7 30.805 2103.7 0.0052161
7.5 44.855 1963.5 0.0043731
8 364.33 1840.8 0.0035801
8.2 807.39 1795.9 0.0032841
8.4 1321.8 1753.1 0.0030356
8.6 1880.1 1712.4 0.0028136
8.8 2569.4 1673.4 0.0025996
9 3033.4 1636.2 0.0024688
9.2 3089.2 1600.7 0.0023903
9.4 3063.1 1566.6 0.0023256
9.6 2875.5 1534 0.002313
9.8 2580.7 1502.7 0.0023486
10 2319.9 1472.6 0.0023786
10.2 2109.1 1443.7 0.0023967
10.4 1908.6 1416 0.0024222
10.6 1712.6 1389.3 0.0024589
10.8 1511.4 1363.5 0.0025099
11 1310 1338.7 0.0025635
11.2 1120.2 1314.8 0.0026017
11.4 947.89 1291.8 0.0026098
11.6 788.09 1269.5 0.0025911
11.8 642.79 1248 0.0025296
12 519.85 1227.2 0.0024351
12.5 364.59 1178.1 0.0021095
13 336.41 1132.8 0.0018327
13.5 379.91 1090.8 0.0016189
14 434.73 1051.9 0.0014593
14.5 476.86 1015.6 0.001322
15 537.19 981.75 0.0011923
15.5 643.74 950.08 0.0010656
16 846.99 920.39 0.0009561
16.5 1063.1 892.5 0.00086788
17 1228.3 866.25 0.00079827
17.5 1327 841.5 0.00074438
18 1349.7 818.12 0.00070451
18.5 1304 796.01 0.00067874
19 1238.3 775.06 0.00065798
19.5 1178.2 755.19 0.0006369
20 1128.6 736.31 0.00061432
21 980.42 701.25 0.00059398
22 722.89 669.37 0.00065271
23 585.29 640.27 0.00065429
24 516.63 613.59 0.00061865
25 473.83 589.05 0.00057796
26 443.66 566.39 0.00053882
27 416.55 545.42 0.00050644
28 390.99 525.94 0.00047818
29 365.67 507.8 0.00045406
30 339.64 490.87 0.00043341
32 290.27 460.19 0.00039782
34 246.52 433.12 0.00036646
36 209.94 409.06 0.0003367
38 179.98 387.53 0.00030871
40 157.28 368.16 0.00028195
45 120.91 327.25 0.00022565
50 96.186 294.52 0.00018483
55 78.3 267.75 0.0001541
60 68.423 245.44 0.00012987
65 56.56 226.56 0.00011139
70 48.677 210.37 9.665e-05
75 43.244 196.35 8.4246e-05
80 37.396 184.08 7.4675e-05
100 24.373 147.26 4.8003e-05
200 6.1193 73.631 1.2042e-05
500 0.98026 29.452 1.9286e-06
