0.2 34720 73631 0.60095
0.22 36714 66937 0.57263
0.24 33913 61359 0.50708
0.26 30164 56639 0.43312
0.28 25998 52594 0.36579
0.3 22043 49087 0.30973
0.32 18111 46019 0.26493
0.34 14360 43312 0.22861
0.36 11356 40906 0.19923
0.38 9123.4 38753 0.17556
0.4 7458.8 36816 0.15626
0.42 6148.2 35062 0.14025
0.45 4666.2 32725 0.1208
0.5 3018.2 29452 0.096604
0.55 2004.4 26775 0.079501
0.6 1419.4 24544 0.066691
0.65 1000.2 22656 0.056747
0.7 742.8 21037 0.048902
0.75 590.37 19635 0.042641
0.8 472.2 18408 0.037532
0.9 346.06 16362 0.029761
1 296.57 14726 0.024048
1.1 233.29 13387 0.019897
1.2 173.93 12272 0.016733
1.3 117.72 11328 0.014238
1.4 88.409 10519 0.012285
1.5 75.408 9817.5 0.010681
1.6 67.161 9203.9 0.009385
1.7 62.1 8662.5 0.0083063
1.8 58.395 8181.2 0.0073904
1.9 53.884 7750.6 0.0066282
2 49.572 7363.1 0.0059799
2.2 38.86 6693.7 0.0049312
2.4 31.057 6135.9 0.0041393
2.6 26.338 5663.9 0.0035262
2.8 23.997 5259.4 0.0030341
3 21.906 4908.7 0.002637
3.5 18.269 4207.5 0.0019279
4 15.852 3681.6 0.0014708
4.5 14.762 3272.5 0.0011553
5 21.98 2945.2 0.0009277
5.5 28.827 2677.5 0.00075848
6 25.655 2454.4 0.00062668
6.5 25.476 2265.6 0.00052402
7 30.442 2103.7 0.00044168
7.5 44.482 1963.5 0.00037008
8 362.96 1840.8 0.00030266
8.2 805.94 1795.9 0.00027748
8.4 1320.9 1753.1 0.00025639
8.6 1880 1712.4 0.00023759
8.8 2568.4 1673.4 0.00021951
9 3024.9 1636.2 0.00020861
9.2 3074.5 1600.7 0.00020211
9.4 3042.9 1566.6 0.00019678
9.6 2851.4 1534 0.00019586
9.8 2555.8 1502.7 0.00019899
10 2296 1472.6 0.00020158
10.2 2086.4 1443.7 0.00020314
10.4 1887.3 1416 0.00020532
10.6 1692.8 1389.3 0.00020842
10.8 1493.5 1363.5 0.00021272
11 1294.3 1338.7 0.00021721
11.2 1106.8 1314.8 0.00022037
11.4 936.78 1291.8 0.00022098
11.6 779.14 1269.5 0.00021934
11.8 635.86 1248 0.00021409
12 514.6 1227.2 0.00020606
12.5 361.65 1178.1 0.00017849
13 334.22 1132.8 0.00015506
13.5 377.86 1090.8 0.00013696
14 432.71 1051.9 0.00012345
14.5 474.94 1015.6 0.00011183
15 535.36 981.75 0.00010085
15.5 641.96 950.08 9.0128e-05
16 844.99 920.39 8.0859e-05
16.5 1060.7 892.5 7.3399e-05
17 1225.5 866.25 6.7516e-05
17.5 1323.5 841.5 6.2964e-05
18 1345.9 818.12 5.96e-05
18.5 1300 796.01 5.7428e-05
19 1234.3 775.06 5.5675e-05
19.5 1174.2 755.19 5.3895e-05
20 1124.8 736.31 5.1988e-05
21 976.76 701.25 5.0278e-05
22 720.06 669.37 5.524e-05
23 583.16 640.27 5.5357e-05
24 514.93 613.59 5.2333e-05
25 472.4 589.05 4.8886e-05
26 442.41 566.39 4.5574e-05
27 415.45 545.42 4.2833e-05
28 390.02 525.94 4.0441e-05
29 364.8 507.8 3.84e-05
30 338.86 490.87 3.6653e-05
32 289.67 460.19 3.364e-05
34 246.05 433.12 3.0987e-05
36 209.57 409.06 2.8469e-05
38 179.7 387.53 2.6101e-05
40 157.05 368.16 2.3838e-05
45 120.77 327.25 1.9078e-05
50 96.098 294.52 1.5626e-05
55 78.24 267.75 1.3028e-05
60 68.38 245.44 1.098e-05
65 56.529 226.56 9.417e-06
70 48.654 210.37 8.171e-06
75 43.226 196.35 7.1223e-06
80 37.382 184.08 6.3131e-06
100 24.367 147.26 4.0582e-06
200 6.1189 73.631 1.0181e-06
500 0.98025 29.452 1.6304e-07
