0.2 31627 73631 0.6593
0.22 32664 66937 0.62525
0.24 33013 61359 0.61004
0.26 32519 56639 0.5974
0.28 30163 52594 0.57292
0.3 26417 49087 0.52972
0.32 21882 46019 0.47343
0.34 17251 43312 0.41267
0.36 13485 40906 0.35607
0.38 10723 38753 0.30851
0.4 8698.6 36816 0.26993
0.42 7127.4 35062 0.23869
0.45 5367.9 32725 0.20202
0.5 3426.9 29452 0.15859
0.55 2249.3 26775 0.12922
0.6 1574.5 24544 0.10782
0.65 1097.3 22656 0.091473
0.7 807.01 21037 0.078704
0.75 636.06 19635 0.068575
0.8 505.08 18408 0.060339
0.9 365.81 16362 0.047845
1 310.4 14726 0.038675
1.1 242.42 13387 0.032013
1.2 179.71 12272 0.026934
1.3 121.07 11328 0.022926
1.4 90.591 10519 0.019789
1.5 77.026 9817.5 0.01721
1.6 68.431 9203.9 0.015126
1.7 63.14 8662.5 0.013391
1.8 59.262 8181.2 0.011917
1.9 54.602 7750.6 0.01069
2 50.169 7363.1 0.0096456
2.2 39.245 6693.7 0.0079561
2.4 31.315 6135.9 0.0066797
2.6 26.525 5663.9 0.0056912
2.8 24.143 5259.4 0.0048976
3 22.022 4908.7 0.0042571
3.5 18.339 4207.5 0.0031129
4 15.898 3681.6 0.0023752
4.5 14.795 3272.5 0.0018659
5 22.018 2945.2 0.0014983
5.5 28.867 2677.5 0.0012251
6 25.684 2454.4 0.0010123
6.5 25.499 2265.6 0.00084645
7 30.463 2103.7 0.00071347
7.5 44.503 1963.5 0.00059783
8 363.04 1840.8 0.00048894
8.2 806.03 1795.9 0.00044828
8.4 1321 1753.1 0.00041422
8.6 1880 1712.4 0.00038384
8.8 2568.6 1673.4 0.00035464
9 3025.5 1636.2 0.00033701
9.2 3075.4 1600.7 0.00032651
9.4 3044.2 1566.6 0.00031788
9.6 2852.8 1534 0.00031638
9.8 2557.3 1502.7 0.00032142
10 2297.5 1472.6 0.0003256
10.2 2087.7 1443.7 0.00032812
10.4 1888.5 1416 0.00033164
10.6 1693.9 1389.3 0.00033666
10.8 1494.6 1363.5 0.0003436
11 1295.2 1338.7 0.00035086
11.2 1107.6 1314.8 0.00035597
11.4 937.41 1291.8 0.00035697
11.6 779.65 1269.5 0.00035432
11.8 636.25 1248 0.00034584
12 514.9 1227.2 0.00033288
12.5 361.82 1178.1 0.00028833
13 334.35 1132.8 0.00025049
13.5 377.97 1090.8 0.00022125
14 432.82 1051.9 0.00019943
14.5 475.05 1015.6 0.00018065
15 535.46 981.75 0.00016292
15.5 642.06 950.08 0.0001456
16 845.11 920.39 0.00013063
16.5 1060.8 892.5 0.00011857
17 1225.6 866.25 0.00010907
17.5 1323.7 841.5 0.00010172
18 1346.1 818.12 9.6281e-05
18.5 1300.2 796.01 9.277e-05
19 1234.5 775.06 8.9939e-05
19.5 1174.5 755.19 8.7063e-05
20 1125 736.31 8.3981e-05
21 976.97 701.25 8.1218e-05
22 720.22 669.37 8.9236e-05
23 583.28 640.27 8.9425e-05
24 515.02 613.59 8.4542e-05
25 472.48 589.05 7.8974e-05
26 442.48 566.39 7.3623e-05
27 415.51 545.42 6.9195e-05
28 390.07 525.94 6.5332e-05
29 364.85 507.8 6.2034e-05
30 338.91 490.87 5.9212e-05
32 289.7 460.19 5.4346e-05
34 246.07 433.12 5.0059e-05
36 209.59 409.06 4.5992e-05
38 179.72 387.53 4.2166e-05
40 157.07 368.16 3.8511e-05
45 120.78 327.25 3.082e-05
50 96.103 294.52 2.5244e-05
55 78.244 267.75 2.1047e-05
60 68.382 245.44 1.7738e-05
65 56.531 226.56 1.5213e-05
70 48.655 210.37 1.32e-05
75 43.227 196.35 1.1506e-05
80 37.383 184.08 1.0199e-05
100 24.367 147.26 6.5561e-06
200 6.119 73.631 1.6447e-06
500 0.98025 29.452 2.634e-07
