0.2 9923.2 73631 0.89445
0.22 10239 66937 0.90115
0.24 10468 61359 0.89851
0.26 10688 56639 0.8907
0.28 10820 52594 0.87567
0.3 10935 49087 0.85109
0.32 10856 46019 0.81154
0.34 10795 43312 0.7628
0.36 10167 40906 0.70172
0.38 9580.8 38753 0.66874
0.4 9234.4 36816 0.64791
0.42 7708.5 35062 0.65228
0.45 6697.8 32725 0.6682
0.5 3994.5 29452 0.67144
0.55 3201.3 26775 0.69372
0.6 2073.2 24544 0.64924
0.65 1379.2 22656 0.67412
0.7 1254.7 21037 0.69247
0.75 1029.7 19635 0.6698
0.8 742.75 18408 0.62018
0.9 540.8 16362 0.56667
1 507.67 14726 0.5891
1.1 391.68 13387 0.59762
1.2 244.73 12272 0.54496
1.3 160.43 11328 0.46136
1.4 114.35 10519 0.38678
1.5 89.113 9817.5 0.32395
1.6 76.671 9203.9 0.27778
1.7 69.718 8662.5 0.24068
1.8 64.146 8181.2 0.21088
1.9 59.331 7750.6 0.18734
2 50.766 7363.1 0.16767
2.2 39.323 6693.7 0.13742
2.4 31.217 6135.9 0.11497
2.6 26.379 5663.9 0.097828
2.8 23.907 5259.4 0.084184
3 21.542 4908.7 0.073171
3.5 17.585 4207.5 0.053768
4 15.089 3681.6 0.041115
4.5 13.894 3272.5 0.032435
5 21.728 2945.2 0.026089
5.5 27.699 2677.5 0.021377
6 24.991 2454.4 0.017688
6.5 24.705 2265.6 0.014828
7 29.411 2103.7 0.012486
7.5 43.26 1963.5 0.010491
8 365.69 1840.8 0.0086328
8.2 743.88 1795.9 0.0079526
8.4 1198.6 1753.1 0.0073466
8.6 1751.1 1712.4 0.0068062
8.8 2420.9 1673.4 0.0062964
9 2827.5 1636.2 0.0059963
9.2 3098.4 1600.7 0.0056613
9.4 3304.6 1566.6 0.0053735
9.6 3191.8 1534 0.005276
9.8 2875.2 1502.7 0.0053489
10 2573.2 1472.6 0.0054426
10.2 2309 1443.7 0.0055392
10.4 2065.8 1416 0.0056493
10.6 1833.4 1389.3 0.005786
10.8 1609.9 1363.5 0.0059467
11 1384.4 1338.7 0.0061286
11.2 1180 1314.8 0.0062511
11.4 990.76 1291.8 0.0063136
11.6 819.85 1269.5 0.0063053
11.8 655.98 1248 0.0061926
12 519.5 1227.2 0.0059519
12.5 344.57 1178.1 0.0051104
13 323.29 1132.8 0.0044178
13.5 369.92 1090.8 0.0038998
14 418.07 1051.9 0.0035164
14.5 455.79 1015.6 0.0031796
15 497.89 981.75 0.0028483
15.5 629.3 950.08 0.0025412
16 858.54 920.39 0.0022697
16.5 1093.7 892.5 0.0020564
17 1280.8 866.25 0.0018895
17.5 1383.4 841.5 0.0017608
18 1398 818.12 0.0016693
18.5 1338.1 796.01 0.0016146
19 1256.9 775.06 0.001574
19.5 1179.7 755.19 0.0015355
20 1124.6 736.31 0.0014851
21 986.7 701.25 0.001428
22 733.1 669.37 0.001554
23 610.24 640.27 0.0015282
24 551.45 613.59 0.0014328
25 513.27 589.05 0.0013362
26 483.16 566.39 0.0012495
27 453.26 545.42 0.0011786
28 423.83 525.94 0.0011183
29 394.56 507.8 0.0010667
30 364.22 490.87 0.0010229
32 308.93 460.19 0.00094435
34 262.28 433.12 0.00087154
36 225.15 409.06 0.00080121
38 195 387.53 0.00073576
40 171.79 368.16 0.00067338
45 132.45 327.25 0.00054371
50 107.38 294.52 0.00044646
55 87.987 267.75 0.00037489
60 72.939 245.44 0.000318
65 61.584 226.56 0.00027238
70 53.427 210.37 0.00023615
75 46.349 196.35 0.00020699
80 40.481 184.08 0.00018278
100 25.809 147.26 0.00011758
200 6.4833 73.631 2.9514e-05
500 1.0387 29.452 4.7275e-06
