0.2 11851 73631 0.54937
0.22 15305 66937 0.69733
0.24 15271 61359 0.71283
0.26 15116 56639 0.74186
0.28 15471 52594 0.73028
0.3 12940 49087 0.69937
0.32 10577 46019 0.69623
0.34 9040.8 43312 0.70512
0.36 7510.1 40906 0.69877
0.38 5524 38753 0.66464
0.4 3884.4 36816 0.62098
0.42 2516 35062 0.58733
0.45 1609 32725 0.57113
0.5 897.62 29452 0.59523
0.55 563.73 26775 0.59205
0.6 369.75 24544 0.52699
0.65 275.07 22656 0.44245
0.7 219.24 21037 0.36825
0.75 183.76 19635 0.31021
0.8 160.18 18408 0.26617
0.9 128.77 16362 0.20325
1 107.37 14726 0.16173
1.1 87.777 13387 0.13258
1.2 70.079 12272 0.11111
1.3 55.86 11328 0.094198
1.4 44.672 10519 0.081563
1.5 38.342 9817.5 0.070738
1.6 34.571 9203.9 0.062297
1.7 32.552 8662.5 0.055141
1.8 30.848 8181.2 0.049152
1.9 28.685 7750.6 0.044074
2 26.493 7363.1 0.039847
2.2 21.344 6693.7 0.032844
2.4 17.534 6135.9 0.027593
2.6 15.265 5663.9 0.023569
2.8 14.471 5259.4 0.020293
3 13.349 4908.7 0.017672
3.5 11.383 4207.5 0.012942
4 9.9606 3681.6 0.0099041
4.5 9.6716 3272.5 0.0077884
5 17.517 2945.2 0.0062673
5.5 24.121 2677.5 0.0051266
6 21.903 2454.4 0.0042389
6.5 22.487 2265.6 0.0035541
7 27.515 2103.7 0.0029954
7.5 40.499 1963.5 0.0025178
8 345.2 1840.8 0.0020674
8.2 811.77 1795.9 0.0018945
8.4 1296.4 1753.1 0.0017485
8.6 1850 1712.4 0.0016216
8.8 2481.7 1673.4 0.0014977
9 3139.8 1636.2 0.0013903
9.2 3517.7 1600.7 0.0013071
9.4 3544.6 1566.6 0.0012604
9.6 3244.6 1534 0.0012623
9.8 2892.7 1502.7 0.0012843
10 2550.6 1472.6 0.0013194
10.2 2249.6 1443.7 0.0013574
10.4 1977.2 1416 0.0014009
10.6 1708.1 1389.3 0.0014534
10.8 1474.4 1363.5 0.001498
11 1260.7 1338.7 0.0015324
11.2 1067.2 1314.8 0.0015514
11.4 890.37 1291.8 0.0015547
11.6 721.54 1269.5 0.0015375
11.8 557.58 1248 0.0014907
12 439.51 1227.2 0.0014122
12.5 350.9 1178.1 0.0011996
13 347.17 1132.8 0.0010507
13.5 381.79 1090.8 0.00093368
14 413.54 1051.9 0.00084579
14.5 452.13 1015.6 0.00076127
15 474.5 981.75 0.00068554
15.5 619.24 950.08 0.00061021
16 825.77 920.39 0.00054433
16.5 1098.1 892.5 0.00048938
17 1325.3 866.25 0.00044621
17.5 1466.5 841.5 0.00041229
18 1500.6 818.12 0.00038837
18.5 1423.7 796.01 0.00037663
19 1327.4 775.06 0.00036801
19.5 1218.1 755.19 0.00036383
20 1109.2 736.31 0.00036255
21 925.82 701.25 0.00036105
22 742.55 669.37 0.00036971
23 633.76 640.27 0.00035987
24 567.93 613.59 0.00034055
25 524.77 589.05 0.00031927
26 493.16 566.39 0.00029878
27 461.47 545.42 0.00028231
28 432.58 525.94 0.00026777
29 399.78 507.8 0.00025698
30 362.87 490.87 0.0002482
32 303.09 460.19 0.00022927
34 257.92 433.12 0.00021036
36 221.93 409.06 0.00019301
38 190.79 387.53 0.00017728
40 169.32 368.16 0.0001613
45 134.78 327.25 0.00012964
50 104.69 294.52 0.00010741
55 87.28 267.75 8.9393e-05
60 72.158 245.44 7.5844e-05
65 61.241 226.56 6.4853e-05
70 52.934 210.37 5.6239e-05
75 47.291 196.35 4.9169e-05
80 39.892 184.08 4.3642e-05
100 25.453 147.26 2.7984e-05
200 6.3937 73.631 7.0224e-06
500 1.0244 29.452 1.1248e-06
