0.2 7794.3 9852.7 0.81268
0.22 8364.3 11441 0.86391
0.24 8355.8 12995 0.87248
0.26 8266.3 12364 0.84931
0.28 8134.2 10777 0.78151
0.3 7520.2 10247 0.69016
0.32 6533.8 9330.9 0.54575
0.34 5557.8 11362 0.52676
0.36 4148.8 12832 0.45225
0.38 2315.2 17915 0.53574
0.4 1766.7 23022 0.54092
0.42 689.82 23149 0.58078
0.45 421.57 30052 0.64938
0.5 291.71 30574 0.66731
0.55 259.27 35559 0.70771
0.6 219.53 32145 0.67144
0.65 170.73 30301 0.68644
0.7 171.04 30795 0.70586
0.75 162.73 27796 0.69357
0.8 134.65 23384 0.6516
0.9 109.58 19688 0.59042
1 113.04 17219 0.59949
1.1 101.06 13071 0.6109
1.2 78.192 9621.6 0.57043
1.3 57.569 7118.2 0.49126
1.4 44.393 5897.3 0.41769
1.5 36.496 4591.4 0.34993
1.6 32.552 3819.9 0.30055
1.7 30.398 3101 0.26022
1.8 28.444 2519 0.22804
1.9 26.133 2049.2 0.2019
2 23.685 1744 0.18145
2.2 18.805 1200.5 0.14816
2.4 15.44 846.53 0.1237
2.6 13.608 614.32 0.10512
2.8 13.213 453.54 0.090494
3 12.027 339.78 0.07872
3.5 10.036 178.14 0.057751
4 8.78 100.77 0.044127
4.5 8.8808 59.812 0.034712
5 17.787 36.644 0.027917
5.5 25.157 23.151 0.022877
6 22.753 14.417 0.018958
6.5 23.961 8.9363 0.015893
7 28.444 5.4136 0.013447
7.5 41.97 2.6457 0.011331
8 281.87 0.51166 0.0093222
8.2 708.37 0.58313 0.008535
8.4 1245 1.6469 0.0078851
8.6 1830.4 3.4156 0.00732
8.8 2490.2 6.0092 0.006772
9 3156.9 9.3052 0.0062873
9.2 3622.1 12.389 0.0058747
9.4 3771.8 14.627 0.0055863
9.6 3538.5 15.129 0.0055118
9.8 3081.8 14.107 0.0056796
10 2642.3 12.567 0.0059444
10.2 2272.4 11.131 0.0062151
10.4 1974.4 9.9202 0.0064381
10.6 1712.9 8.8908 0.0066433
10.8 1472.2 7.9531 0.0068312
11 1246.6 7.0676 0.0069781
11.2 1047.7 6.2514 0.0070301
11.4 864.32 5.5177 0.0070044
11.6 692.99 4.8089 0.0068713
11.8 543.68 4.1234 0.0066129
12 431.68 3.4632 0.0062407
12.5 355.46 2.2722 0.005312
13 363.87 1.6519 0.0046844
13.5 385.56 1.2336 0.004182
14 411.84 0.95154 0.0037755
14.5 440.64 0.72783 0.0034135
15 481.99 0.52907 0.0030655
15.5 611.19 0.40197 0.0027293
16 845.95 0.40357 0.0024335
16.5 1126.1 0.52789 0.0021914
17 1353.3 0.69988 0.0020045
17.5 1498.2 0.86356 0.0018552
18 1523.6 0.96078 0.0017533
18.5 1450 0.97402 0.0016987
19 1350.2 0.93363 0.001662
19.5 1243.8 0.87329 0.0016391
20 1155.4 0.81206 0.0016108
21 985.72 0.7091 0.001579
22 785.36 0.5704 0.0016263
23 669.31 0.45519 0.0015873
24 601.41 0.37426 0.0015038
25 550.98 0.31563 0.0014191
26 510.22 0.27026 0.0013393
27 471.06 0.23368 0.0012717
28 435.14 0.20361 0.0012117
29 402.21 0.17833 0.0011574
30 369.46 0.1564 0.0011097
32 311.48 0.12132 0.0010231
34 263.21 0.094848 0.00094223
36 225.76 0.074801 0.00086292
38 194.63 0.059798 0.00079156
40 171.57 0.048236 0.00072291
45 130.55 0.02965 0.00058288
50 105.72 0.019306 0.00047741
55 86.427 0.013102 0.0003981
60 72.878 0.0092005 0.00033617
65 61.544 0.0066622 0.00028821
70 53.628 0.0049602 0.00025006
75 46.456 0.0037638 0.00021897
80 39.329 0.0029068 0.00019359
100 25.484 0.0011799 0.00012414
200 6.3965 7.2877e-05 3.1145e-05
500 1.0246 1.8594e-06 4.9881e-06
