0.2 12087 73631 0.69084
0.22 17928 66937 0.69321
0.24 16169 61359 0.63676
0.26 15551 56639 0.60274
0.28 15174 52594 0.59457
0.3 14146 49087 0.60009
0.32 11891 46019 0.59868
0.34 8616 43312 0.57408
0.36 5849.2 40906 0.52481
0.38 4079.4 38753 0.46562
0.4 2971.8 36816 0.40913
0.42 1920.8 35062 0.35983
0.45 1107.2 32725 0.30121
0.5 501.37 29452 0.2331
0.55 316.23 26775 0.18808
0.6 229.6 24544 0.15595
0.65 185.53 22656 0.1319
0.7 155.66 21037 0.11322
0.75 134.59 19635 0.098382
0.8 119.57 18408 0.086512
0.9 99.378 16362 0.068306
1 85.306 14726 0.055335
1.1 71.553 13387 0.045791
1.2 58.417 12272 0.038563
1.3 47.619 11328 0.032775
1.4 38.665 10519 0.02841
1.5 33.773 9817.5 0.024646
1.6 30.835 9203.9 0.021703
1.7 29.382 8662.5 0.019203
1.8 28.132 8181.2 0.017109
1.9 26.396 7750.6 0.015333
2 24.552 7363.1 0.013855
2.2 20.041 6693.7 0.011408
2.4 16.624 6135.9 0.0095756
2.6 14.578 5663.9 0.0081732
2.8 13.908 5259.4 0.0070321
3 12.894 4908.7 0.0061205
3.5 11.099 4207.5 0.0044773
4 9.769 3681.6 0.0034238
4.5 9.5264 3272.5 0.0026909
5 17.309 2945.2 0.0021645
5.5 23.892 2677.5 0.0017699
6 21.74 2454.4 0.001463
6.5 22.354 2265.6 0.0012264
7 27.389 2103.7 0.0010334
7.5 40.369 1963.5 0.00086843
8 344.72 1840.8 0.00071279
8.2 811.33 1795.9 0.00065301
8.4 1296.4 1753.1 0.00060257
8.6 1850.4 1712.4 0.00055878
8.8 2482.4 1673.4 0.00051605
9 3138.7 1636.2 0.00047912
9.2 3513.1 1600.7 0.00045056
9.4 3535.7 1566.6 0.00043465
9.6 3233.3 1534 0.00043549
9.8 2880.8 1502.7 0.00044325
10 2539.1 1472.6 0.00045544
10.2 2238.8 1443.7 0.00046862
10.4 1967.2 1416 0.00048366
10.6 1699.3 1389.3 0.00050174
10.8 1466.7 1363.5 0.00051706
11 1254.1 1338.7 0.00052888
11.2 1061.7 1314.8 0.00053533
11.4 885.89 1291.8 0.00053639
11.6 718.05 1269.5 0.00053038
11.8 555.05 1248 0.00051419
12 437.7 1227.2 0.00048711
12.5 349.78 1178.1 0.00041377
13 346.26 1132.8 0.00036238
13.5 380.95 1090.8 0.00032202
14 412.75 1051.9 0.0002917
14.5 451.4 1015.6 0.00026254
15 473.87 981.75 0.00023641
15.5 618.58 950.08 0.00021043
16 825.07 920.39 0.0001877
16.5 1097.2 892.5 0.00016875
17 1324.2 866.25 0.00015387
17.5 1465.1 841.5 0.00014218
18 1498.9 818.12 0.00013394
18.5 1421.9 796.01 0.0001299
19 1325.5 775.06 0.00012694
19.5 1216.4 755.19 0.0001255
20 1107.5 736.31 0.00012506
21 924.41 701.25 0.00012454
22 741.42 669.37 0.00012752
23 632.86 640.27 0.00012412
24 567.19 613.59 0.00011745
25 524.13 589.05 0.00011011
26 492.6 566.39 0.00010304
27 460.98 545.42 9.7356e-05
28 432.13 525.94 9.2342e-05
29 399.39 507.8 8.8619e-05
30 362.52 490.87 8.5589e-05
32 302.82 460.19 7.9058e-05
34 257.72 433.12 7.2534e-05
36 221.77 409.06 6.6552e-05
38 190.66 387.53 6.1126e-05
40 169.22 368.16 5.5616e-05
45 134.71 327.25 4.47e-05
50 104.65 294.52 3.7035e-05
55 87.252 267.75 3.0822e-05
60 72.139 245.44 2.615e-05
65 61.227 226.56 2.2361e-05
70 52.923 210.37 1.9391e-05
75 47.282 196.35 1.6953e-05
80 39.886 184.08 1.5047e-05
100 25.45 147.26 9.6487e-06
200 6.3935 73.631 2.4212e-06
500 1.0243 29.452 3.8781e-07
