0.2 24437 73631 0.74637
0.22 25331 66937 0.76941
0.24 24852 61359 0.77311
0.26 24920 56639 0.76128
0.28 22989 52594 0.73543
0.3 21303 49087 0.72549
0.32 20495 46019 0.72393
0.34 18954 43312 0.7084
0.36 15850 40906 0.6683
0.38 12278 38753 0.62091
0.4 10017 36816 0.5904
0.42 8788.4 35062 0.57966
0.45 7198.6 32725 0.58731
0.5 4224.9 29452 0.5915
0.55 2426.8 26775 0.52364
0.6 1452.1 24544 0.42905
0.65 934.18 22656 0.34951
0.7 679.56 21037 0.29031
0.75 522.48 19635 0.24606
0.8 423.37 18408 0.21209
0.9 312.09 16362 0.1642
1 242.94 14726 0.13106
1.1 183.64 13387 0.10778
1.2 126.98 12272 0.090438
1.3 92.726 11328 0.076882
1.4 70.28 10519 0.066467
1.5 57.784 9817.5 0.057728
1.6 51.186 9203.9 0.050869
1.7 47.899 8662.5 0.045046
1.8 45.275 8181.2 0.040114
1.9 42.765 7750.6 0.036042
2 37.36 7363.1 0.032528
2.2 29.993 6693.7 0.026932
2.4 24.586 6135.9 0.022647
2.6 21.352 5663.9 0.019316
2.8 19.838 5259.4 0.016635
3 18.269 4908.7 0.014459
3.5 15.514 4207.5 0.01061
4 13.69 3681.6 0.0080971
4.5 12.86 3272.5 0.0063763
5 20.433 2945.2 0.0051204
5.5 26.363 2677.5 0.0041901
6 24.029 2454.4 0.0034627
6.5 23.944 2265.6 0.0028999
7 28.708 2103.7 0.0024395
7.5 42.527 1963.5 0.0020474
8 362.89 1840.8 0.0016811
8.2 741.14 1795.9 0.0015468
8.4 1197.9 1753.1 0.0014275
8.6 1753.3 1712.4 0.0013216
8.8 2424.5 1673.4 0.0012222
9 2820.9 1636.2 0.0011651
9.2 3083.7 1600.7 0.0011007
9.4 3275.4 1566.6 0.0010461
9.6 3147.8 1534 0.001029
9.8 2824.6 1502.7 0.001045
10 2522.2 1472.6 0.0010645
10.2 2259.3 1443.7 0.0010841
10.4 2018.9 1416 0.001106
10.6 1789.9 1389.3 0.0011329
10.8 1570.3 1363.5 0.0011641
11 1349.6 1338.7 0.0011992
11.2 1150.3 1314.8 0.0012223
11.4 966.18 1291.8 0.0012336
11.6 799.97 1269.5 0.0012312
11.8 640.79 1248 0.0012085
12 508.29 1227.2 0.0011613
12.5 338.7 1178.1 0.00099698
13 318.89 1132.8 0.00086179
13.5 365.75 1090.8 0.00076064
14 414.01 1051.9 0.00068576
14.5 451.99 1015.6 0.00062
15 494.51 981.75 0.00055529
15.5 625.89 950.08 0.00049532
16 854.72 920.39 0.00044233
16.5 1089.1 892.5 0.00040075
17 1275 866.25 0.00036829
17.5 1376.4 841.5 0.00034328
18 1389.9 818.12 0.00032555
18.5 1329.6 796.01 0.00031497
19 1248.5 775.06 0.00030711
19.5 1171.6 755.19 0.00029963
20 1116.8 736.31 0.00028982
21 979.18 701.25 0.00027879
22 727.3 669.37 0.00030329
23 605.8 640.27 0.00029811
24 547.8 613.59 0.00027941
25 510.12 589.05 0.00026055
26 480.39 566.39 0.00024362
27 450.8 545.42 0.00022978
28 421.63 525.94 0.000218
29 392.6 507.8 0.00020792
30 362.48 490.87 0.00019937
32 307.57 460.19 0.00018403
34 261.22 433.12 0.00016982
36 224.33 409.06 0.0001561
38 194.35 387.53 0.00014333
40 171.27 368.16 0.00013118
45 132.13 327.25 0.00010591
50 107.17 294.52 8.6961e-05
55 87.841 267.75 7.3019e-05
60 72.837 245.44 6.1939e-05
65 61.51 226.56 5.3052e-05
70 53.372 210.37 4.5995e-05
75 46.307 196.35 4.0315e-05
80 40.449 184.08 3.5601e-05
100 25.796 147.26 2.2902e-05
200 6.4825 73.631 5.7485e-06
500 1.0387 29.452 9.2079e-07
