0.2 6712.6 73631 0.79673
0.22 8368.8 66937 0.87603
0.24 8787.2 61359 0.87729
0.26 9022.6 56639 0.86176
0.28 9026.2 52594 0.81639
0.3 8782 49087 0.7573
0.32 8231.2 46019 0.65151
0.34 7100.3 43312 0.58374
0.36 6439.9 40906 0.49553
0.38 4568.7 38753 0.53662
0.4 4440.7 36816 0.56357
0.42 3092.9 35062 0.55505
0.45 1782.7 32725 0.63765
0.5 968.67 29452 0.6357
0.55 639.37 26775 0.70005
0.6 528.47 24544 0.66197
0.65 367.83 22656 0.66939
0.7 351.19 21037 0.69602
0.75 340.84 19635 0.69204
0.8 280.96 18408 0.65336
0.9 204.36 16362 0.584
1 200.26 14726 0.58782
1.1 177.44 13387 0.60639
1.2 132.96 12272 0.57706
1.3 94.887 11328 0.50254
1.4 71.668 10519 0.42781
1.5 57.982 9817.5 0.35846
1.6 50.798 9203.9 0.30683
1.7 46.555 8662.5 0.26508
1.8 43.122 8181.2 0.232
1.9 39.266 7750.6 0.2052
2 35.678 7363.1 0.18373
2.2 27.705 6693.7 0.14951
2.4 22.088 6135.9 0.12479
2.6 18.772 5663.9 0.10624
2.8 17.377 5259.4 0.091337
3 15.716 4908.7 0.079505
3.5 12.885 4207.5 0.058276
4 10.98 3681.6 0.044668
4.5 10.447 3272.5 0.035186
5 18.633 2945.2 0.028357
5.5 25.345 2677.5 0.023228
6 22.78 2454.4 0.019229
6.5 23.202 2265.6 0.016139
7 28.188 2103.7 0.013616
7.5 41.191 1963.5 0.011459
8 347.59 1840.8 0.0094315
8.2 813.41 1795.9 0.0086554
8.4 1294.7 1753.1 0.007997
8.6 1844.4 1712.4 0.007422
8.8 2472.5 1673.4 0.0068585
9 3136.4 1636.2 0.0063643
9.2 3531.1 1600.7 0.005976
9.4 3581.6 1566.6 0.0057502
9.6 3296.7 1534 0.0057454
9.8 2950.3 1502.7 0.0058352
10 2608.4 1472.6 0.0059869
10.2 2304.8 1443.7 0.0061551
10.4 2029 1416 0.0063498
10.6 1754.6 1389.3 0.0065888
10.8 1515.4 1363.5 0.006794
11 1295.9 1338.7 0.0069555
11.2 1096.7 1314.8 0.0070471
11.4 914.51 1291.8 0.0070673
11.6 740.38 1269.5 0.0069933
11.8 571.22 1248 0.0067834
12 449.33 1227.2 0.0064273
12.5 356.96 1178.1 0.0054598
13 352.07 1132.8 0.0047826
13.5 386.28 1090.8 0.0042507
14 417.77 1051.9 0.0038511
14.5 456.02 1015.6 0.0034669
15 477.85 981.75 0.0031226
15.5 622.65 950.08 0.0027802
16 829.35 920.39 0.0024805
16.5 1102.4 892.5 0.0022303
17 1330.8 866.25 0.0020333
17.5 1473.7 841.5 0.0018782
18 1509.4 818.12 0.0017686
18.5 1433.3 796.01 0.0017144
19 1337 775.06 0.0016746
19.5 1227.5 755.19 0.0016552
20 1118 736.31 0.0016492
21 933.4 701.25 0.0016422
22 748.57 669.37 0.0016822
23 638.56 640.27 0.001638
24 571.91 613.59 0.0015505
25 528.18 589.05 0.0014538
26 496.16 566.39 0.0013607
27 464.14 545.42 0.0012858
28 434.97 525.94 0.0012197
29 401.92 507.8 0.0011706
30 364.74 490.87 0.0011307
32 304.51 460.19 0.0010447
34 259.03 433.12 0.00095867
36 222.8 409.06 0.00087972
38 191.46 387.53 0.00080808
40 169.86 368.16 0.00073527
45 135.12 327.25 0.000591
50 104.91 294.52 0.00048969
55 87.431 267.75 0.00040755
60 72.264 245.44 0.00034578
65 61.317 226.56 0.00029568
70 52.991 210.37 0.0002564
75 47.335 196.35 0.00022417
80 39.926 184.08 0.00019897
100 25.467 147.26 0.00012759
200 6.3945 73.631 3.2017e-05
500 1.0244 29.452 5.128e-06
