0.2 11583 18246 0.77077
0.22 12299 13597 0.65689
0.24 12589 14070 0.59185
0.26 11284 19473 0.62383
0.28 10956 22697 0.63842
0.3 8962.1 29978 0.67706
0.32 8495.4 36371 0.66867
0.34 5920.2 38203 0.68018
0.36 4039.6 45427 0.70844
0.38 2788.7 51373 0.69582
0.4 1524.7 48721 0.66316
0.42 636.25 46083 0.66118
0.45 391.3 47373 0.68947
0.5 314.82 43336 0.68902
0.55 215.64 33831 0.62378
0.6 174.21 30396 0.58513
0.65 167.82 27984 0.58931
0.7 158.14 23694 0.60698
0.75 137.88 18745 0.60343
0.8 117.23 14809 0.56728
0.9 90.392 10040 0.45059
1 75.85 7208.8 0.34817
1.1 63.632 5287.6 0.27651
1.2 52.294 3949.2 0.22663
1.3 42.036 2863.9 0.18903
1.4 33.68 2238.6 0.1622
1.5 28.766 1644.3 0.13959
1.6 25.985 1296.1 0.12256
1.7 24.57 1008.9 0.10822
1.8 23.236 793.72 0.096301
1.9 21.563 630.54 0.086258
2 19.647 525.92 0.078148
2.2 15.887 353.77 0.064545
2.4 13.271 246.35 0.054231
2.6 11.877 177.51 0.046247
2.8 11.697 130.58 0.039885
3 10.784 97.672 0.034725
3.5 9.2281 51.173 0.02548
4 8.2222 28.982 0.019454
4.5 8.4321 17.231 0.015287
5 17.069 10.576 0.012282
5.5 24.339 6.6917 0.010056
6 22.164 4.174 0.008327
6.5 23.471 2.591 0.0069756
7 27.991 1.5717 0.0058981
7.5 41.507 0.76976 0.0049657
8 280.77 0.14955 0.0040784
8.2 708.37 0.17095 0.0037295
8.4 1248.2 0.48369 0.0034424
8.6 1837.6 1.0039 0.0031938
8.8 2501.2 1.766 0.0029535
9 3165.6 2.7288 0.0027426
9.2 3620.1 3.6199 0.0025645
9.4 3751.8 4.253 0.0024421
9.6 3502.6 4.3785 0.0024141
9.8 3039.1 4.0693 0.0024922
10 2599.9 3.619 0.0026113
10.2 2233 3.2026 0.0027315
10.4 1938.6 2.853 0.0028297
10.6 1680.8 2.5562 0.0029194
10.8 1444.2 2.2864 0.0030008
11 1222.8 2.0319 0.0030638
11.2 1028 1.7977 0.003085
11.4 848.52 1.5871 0.0030723
11.6 680.89 1.3838 0.0030129
11.8 534.82 1.1872 0.002899
12 425.28 0.99775 0.0027357
12.5 351.37 0.65569 0.0023285
13 360.41 0.47715 0.0020531
13.5 382.49 0.35659 0.0018327
14 409.03 0.27522 0.0016544
14.5 438.09 0.21063 0.0014956
15 479.75 0.1532 0.0013429
15.5 609.04 0.11648 0.0011954
16 843.68 0.11699 0.0010656
16.5 1123.4 0.15304 0.00095957
17 1349.8 0.20281 0.00087781
17.5 1493.4 0.25007 0.00081259
18 1517.6 0.27802 0.00076816
18.5 1443.5 0.28169 0.00074445
19 1343.7 0.26991 0.00072852
19.5 1237.4 0.25241 0.00071858
20 1149.4 0.23469 0.00070625
21 980.27 0.20489 0.00069239
22 781 0.16483 0.000713
23 665.82 0.13156 0.00069576
24 598.5 0.10819 0.00065901
25 548.48 0.091258 0.00062183
26 508.03 0.07815 0.00058682
27 469.14 0.067578 0.00055716
28 433.45 0.058889 0.00053085
29 400.71 0.051582 0.00050702
30 368.14 0.045241 0.00048609
32 310.47 0.0351 0.00044809
34 262.43 0.027444 0.00041263
36 225.15 0.021646 0.00037787
38 194.16 0.017306 0.0003466
40 171.19 0.013961 0.00031653
45 130.32 0.0085833 0.0002552
50 105.57 0.0055896 0.00020902
55 86.324 0.0037936 0.0001743
60 72.805 0.0026642 0.00014718
65 61.491 0.0019293 0.00012618
70 53.589 0.0014365 0.00010948
75 46.426 0.00109 9.5864e-05
80 39.307 0.00084187 8.4755e-05
100 25.474 0.00034176 5.4348e-05
200 6.3959 2.111e-05 1.3635e-05
500 1.0246 5.3862e-07 2.1838e-06
