0.2 11324 73631 0.90276
0.22 11735 66937 0.89762
0.24 11998 61359 0.8845
0.26 12253 56639 0.86955
0.28 12321 52594 0.84486
0.3 12511 49087 0.81948
0.32 12309 46019 0.77728
0.34 12004 43312 0.73643
0.36 11784 40906 0.70458
0.38 10572 38753 0.68798
0.4 9877.2 36816 0.69504
0.42 9762.5 35062 0.6883
0.45 7757.2 32725 0.68495
0.5 6424.3 29452 0.70999
0.55 4327.4 26775 0.66275
0.6 3221.1 24544 0.68502
0.65 2779.2 22656 0.69285
0.7 1973.9 21037 0.64983
0.75 1377 19635 0.59603
0.8 1088.3 18408 0.56746
0.9 953.54 16362 0.57827
1 814.77 14726 0.5946
1.1 554.23 13387 0.53496
1.2 361.27 12272 0.4441
1.3 221.69 11328 0.36274
1.4 156.28 10519 0.30185
1.5 126.24 9817.5 0.25509
1.6 107.79 9203.9 0.21982
1.7 95.942 8662.5 0.19193
1.8 86.987 8181.2 0.16917
1.9 77.858 7750.6 0.1508
2 69.7 7363.1 0.1355
2.2 52.04 6693.7 0.11126
2.4 39.989 6135.9 0.093275
2.6 32.847 5663.9 0.079472
2.8 29.105 5259.4 0.068443
3 25.955 4908.7 0.059557
3.5 20.727 4207.5 0.043678
4 17.473 3681.6 0.033411
4.5 15.934 3272.5 0.026302
5 23.354 2945.2 0.021158
5.5 30.261 2677.5 0.017323
6 26.663 2454.4 0.014331
6.5 26.266 2265.6 0.011996
7 31.176 2103.7 0.010121
7.5 45.235 1963.5 0.0084901
8 365.66 1840.8 0.006958
8.2 808.62 1795.9 0.0063868
8.4 1322 1753.1 0.0059062
8.6 1879.1 1712.4 0.005476
8.8 2568.2 1673.4 0.0050601
9 3039 1636.2 0.0048025
9.2 3101.2 1600.7 0.0046468
9.4 3081 1566.6 0.0045179
9.6 2897.8 1534 0.00449
9.8 2604.4 1502.7 0.0045564
10 2343.1 1472.6 0.0046132
10.2 2131.4 1443.7 0.0046473
10.4 1929.8 1416 0.0046962
10.6 1732.3 1389.3 0.0047672
10.8 1529.5 1363.5 0.0048666
11 1325.9 1338.7 0.0049716
11.2 1133.8 1314.8 0.005047
11.4 959.22 1291.8 0.0050643
11.6 797.25 1269.5 0.0050294
11.8 649.89 1248 0.0049111
12 525.22 1227.2 0.0047281
12.5 367.61 1178.1 0.0040961
13 338.65 1132.8 0.0035588
13.5 382 1090.8 0.0031439
14 436.8 1051.9 0.0028341
14.5 478.81 1015.6 0.0025676
15 539.04 981.75 0.002316
15.5 645.52 950.08 0.0020701
16 848.97 920.39 0.0018574
16.5 1065.4 892.5 0.001686
17 1231.2 866.25 0.0015507
17.5 1330.3 841.5 0.0014459
18 1353.5 818.12 0.0013682
18.5 1308.1 796.01 0.001318
19 1242.3 775.06 0.0012776
19.5 1182.1 755.19 0.0012366
20 1132.5 736.31 0.0011927
21 984.13 701.25 0.0011529
22 725.78 669.37 0.0012671
23 587.47 640.27 0.0012705
24 518.38 613.59 0.0012015
25 475.31 589.05 0.0011226
26 444.93 566.39 0.0010466
27 417.67 545.42 0.00098376
28 392 525.94 0.0009289
29 366.57 507.8 0.00088208
30 340.43 490.87 0.000842
32 290.9 460.19 0.00077291
34 247 433.12 0.00071203
36 210.31 409.06 0.00065424
38 180.28 387.53 0.00059986
40 157.51 368.16 0.00054789
45 121.05 327.25 0.0004385
50 96.277 294.52 0.00035917
55 78.361 267.75 0.00029947
60 68.469 245.44 0.00025238
65 56.592 226.56 0.00021646
70 48.701 210.37 0.00018782
75 43.263 196.35 0.00016372
80 37.41 184.08 0.00014512
100 24.379 147.26 9.3284e-05
200 6.1197 73.631 2.3401e-05
500 0.98027 29.452 3.7478e-06
