0.2 9900.1 73631 0.53746
0.22 13543 66937 0.60537
0.24 13402 61359 0.66676
0.26 13703 56639 0.6904
0.28 12777 52594 0.71264
0.3 12832 49087 0.70452
0.32 10277 46019 0.70016
0.34 8367.4 43312 0.7159
0.36 7384.9 40906 0.70366
0.38 5533.5 38753 0.67019
0.4 3915.7 36816 0.66737
0.42 2777.1 35062 0.6829
0.45 2001.3 32725 0.69619
0.5 897.43 29452 0.64187
0.55 516.09 26775 0.58212
0.6 422.55 24544 0.57592
0.65 386.57 22656 0.59684
0.7 323.91 21037 0.60092
0.75 258.78 19635 0.56529
0.8 212.54 18408 0.50573
0.9 157.4 16362 0.38334
1 127.11 14726 0.29555
1.1 102.47 13387 0.23638
1.2 81.025 12272 0.19489
1.3 63.819 11328 0.16344
1.4 50.652 10519 0.14061
1.5 42.963 9817.5 0.12141
1.6 38.411 9203.9 0.10664
1.7 35.843 8662.5 0.094233
1.8 33.691 8181.2 0.083915
1.9 31.096 7750.6 0.075202
2 28.548 7363.1 0.067968
2.2 22.733 6693.7 0.056019
2.4 18.509 6135.9 0.047074
2.6 16.004 5663.9 0.040223
2.8 15.078 5259.4 0.034646
3 13.84 4908.7 0.030183
3.5 11.691 4207.5 0.022124
4 10.168 3681.6 0.016941
4.5 9.8293 3272.5 0.013329
5 17.744 2945.2 0.01073
5.5 24.369 2677.5 0.0087804
6 22.081 2454.4 0.0072621
6.5 22.632 2265.6 0.0060903
7 27.651 2103.7 0.0051341
7.5 40.64 1963.5 0.0043166
8 345.7 1840.8 0.0035461
8.2 812.18 1795.9 0.0032504
8.4 1296.2 1753.1 0.0030005
8.6 1849.2 1712.4 0.002783
8.8 2480.5 1673.4 0.0025706
9 3140.2 1636.2 0.002386
9.2 3521.7 1600.7 0.0022426
9.4 3553.4 1566.6 0.0021615
9.6 3256.1 1534 0.0021637
9.8 2905 1502.7 0.0022008
10 2562.8 1472.6 0.0022603
10.2 2261.1 1443.7 0.0023252
10.4 1987.9 1416 0.0023995
10.6 1717.6 1389.3 0.0024895
10.8 1482.8 1363.5 0.0025661
11 1267.8 1338.7 0.0026257
11.2 1073.2 1314.8 0.0026586
11.4 895.25 1291.8 0.0026647
11.6 725.34 1269.5 0.0026355
11.8 560.32 1248 0.0025556
12 441.48 1227.2 0.0024212
12.5 352.12 1178.1 0.0020567
13 348.16 1132.8 0.0018014
13.5 382.7 1090.8 0.0016008
14 414.4 1051.9 0.0014502
14.5 452.92 1015.6 0.0013053
15 475.18 981.75 0.0011755
15.5 619.94 950.08 0.0010464
16 826.51 920.39 0.00093346
16.5 1099 892.5 0.00083924
17 1326.5 866.25 0.00076519
17.5 1468 841.5 0.00070697
18 1502.5 818.12 0.00066591
18.5 1425.7 796.01 0.00064572
19 1329.3 775.06 0.00063091
19.5 1220.1 755.19 0.00062371
20 1111 736.31 0.00062149
21 927.36 701.25 0.00061892
22 743.76 669.37 0.00063382
23 634.73 640.27 0.00061699
24 568.73 613.59 0.0005839
25 525.46 589.05 0.00054743
26 493.76 566.39 0.00051231
27 462.01 545.42 0.00048408
28 433.06 525.94 0.00045916
29 400.22 507.8 0.00044066
30 363.24 490.87 0.00042561
32 303.37 460.19 0.00039317
34 258.15 433.12 0.00036075
36 222.11 409.06 0.00033101
38 190.92 387.53 0.00030403
40 169.43 368.16 0.00027663
45 134.85 327.25 0.00022234
50 104.73 294.52 0.00018422
55 87.31 267.75 0.00015332
60 72.18 245.44 0.00013008
65 61.256 226.56 0.00011123
70 52.945 210.37 9.6454e-05
75 47.3 196.35 8.4328e-05
80 39.899 184.08 7.4849e-05
100 25.456 147.26 4.7995e-05
200 6.3938 73.631 1.2044e-05
500 1.0244 29.452 1.929e-06
