0.2 13114 73631 0.89137
0.22 13592 66937 0.8756
0.24 13884 61359 0.85533
0.26 14141 56639 0.83686
0.28 14164 52594 0.80895
0.3 14170 49087 0.78491
0.32 14139 46019 0.75679
0.34 13177 43312 0.72866
0.36 12586 40906 0.72054
0.38 12202 38753 0.70533
0.4 10512 36816 0.69895
0.42 9295.5 35062 0.71574
0.45 8823 32725 0.71475
0.5 5761.5 29452 0.67281
0.55 4524 26775 0.6966
0.6 3724.8 24544 0.68122
0.65 2314.2 22656 0.617
0.7 1628.3 21037 0.57404
0.75 1406.2 19635 0.56682
0.8 1258.5 18408 0.58093
0.9 935.3 16362 0.59051
1 664.51 14726 0.5112
1.1 457.95 13387 0.41047
1.2 313.56 12272 0.33001
1.3 199.11 11328 0.27051
1.4 142.66 10519 0.22765
1.5 116.34 9817.5 0.19459
1.6 99.84 9203.9 0.16916
1.7 89.227 8662.5 0.14869
1.8 81.229 8181.2 0.13171
1.9 72.953 7750.6 0.11783
2 65.525 7363.1 0.10614
2.2 49.25 6693.7 0.087452
2.4 38.072 6135.9 0.073445
2.6 31.436 5663.9 0.062635
2.8 27.991 5259.4 0.053968
3 25.069 4908.7 0.04697
3.5 20.185 4207.5 0.034445
4 17.115 3681.6 0.026342
4.5 15.674 3272.5 0.02073
5 23.049 2945.2 0.01667
5.5 29.943 2677.5 0.013646
6 26.44 2454.4 0.011286
6.5 26.091 2265.6 0.0094449
7 31.013 2103.7 0.0079669
7.5 45.068 1963.5 0.0066816
8 365.08 1840.8 0.0054733
8.2 808.11 1795.9 0.0050225
8.4 1321.9 1753.1 0.0046436
8.6 1879.7 1712.4 0.0043047
8.8 2568.9 1673.4 0.0039775
9 3036.9 1636.2 0.003776
9.2 3096.2 1600.7 0.0036547
9.4 3073.4 1566.6 0.0035544
9.6 2888.3 1534 0.0035336
9.8 2594.2 1502.7 0.0035868
10 2333.1 1472.6 0.003632
10.2 2121.8 1443.7 0.0036592
10.4 1920.6 1416 0.0036979
10.6 1723.7 1389.3 0.0037539
10.8 1521.6 1363.5 0.003832
11 1318.9 1338.7 0.0039143
11.2 1127.9 1314.8 0.0039732
11.4 954.25 1291.8 0.0039863
11.6 793.23 1269.5 0.0039584
11.8 646.77 1248 0.003865
12 522.86 1227.2 0.0037208
12.5 366.28 1178.1 0.0032233
13 337.67 1132.8 0.0028005
13.5 381.08 1090.8 0.0024739
14 435.89 1051.9 0.0022301
14.5 477.96 1015.6 0.0020203
15 538.23 981.75 0.0018222
15.5 644.74 950.08 0.0016287
16 848.11 920.39 0.0014613
16.5 1064.4 892.5 0.0013265
17 1229.9 866.25 0.0012201
17.5 1328.9 841.5 0.0011376
18 1351.9 818.12 0.0010766
18.5 1306.3 796.01 0.0010372
19 1240.6 775.06 0.0010054
19.5 1180.4 755.19 0.00097314
20 1130.8 736.31 0.00093861
21 982.5 701.25 0.00090741
22 724.51 669.37 0.00099722
23 586.51 640.27 0.0009998
24 517.61 613.59 0.00094542
25 474.66 589.05 0.00088328
26 444.37 566.39 0.0008235
27 417.18 545.42 0.00077402
28 391.56 525.94 0.00073085
29 366.17 507.8 0.000694
30 340.08 490.87 0.00066246
32 290.62 460.19 0.00060808
34 246.79 433.12 0.00056016
36 210.15 409.06 0.00051469
38 180.15 387.53 0.0004719
40 157.41 368.16 0.00043101
45 120.99 327.25 0.00034496
50 96.237 294.52 0.00028255
55 78.334 267.75 0.00023558
60 68.449 245.44 0.00019854
65 56.578 226.56 0.00017028
70 48.69 210.37 0.00014775
75 43.255 196.35 0.00012879
80 37.404 184.08 0.00011416
100 24.376 147.26 7.3383e-05
200 6.1195 73.631 1.8409e-05
500 0.98026 29.452 2.9482e-06
