0.2 11260 73631 0.89764
0.22 11685 66937 0.897
0.24 11958 61359 0.88583
0.26 12217 56639 0.86975
0.28 12276 52594 0.84173
0.3 12444 49087 0.81227
0.32 12177 46019 0.76557
0.34 11834 43312 0.7279
0.36 11594 40906 0.70079
0.38 10049 38753 0.68275
0.4 9233.4 36816 0.69004
0.42 9010.8 35062 0.68021
0.45 6473.2 32725 0.68123
0.5 4684.9 29452 0.69744
0.55 2819.1 26775 0.65296
0.6 1997.8 24544 0.68396
0.65 1659.9 22656 0.68868
0.7 1161.7 21037 0.6431
0.75 809.52 19635 0.59206
0.8 673.86 18408 0.56862
0.9 619.22 16362 0.58489
1 487.9 14726 0.59429
1.1 328.15 13387 0.52668
1.2 206.3 12272 0.43513
1.3 141.22 11328 0.35564
1.4 103.49 10519 0.29725
1.5 82.212 9817.5 0.25102
1.6 71.275 9203.9 0.21711
1.7 65.153 8662.5 0.18964
1.8 60.18 8181.2 0.16725
1.9 55.797 7750.6 0.1493
2 47.863 7363.1 0.13413
2.2 37.247 6693.7 0.11047
2.4 29.713 6135.9 0.092687
2.6 25.222 5663.9 0.078997
2.8 22.963 5259.4 0.068044
3 20.778 4908.7 0.059173
3.5 17.097 4207.5 0.043499
4 14.757 3681.6 0.033259
4.5 13.649 3272.5 0.026231
5 21.42 2945.2 0.021092
5.5 27.382 2677.5 0.017279
6 24.762 2454.4 0.014293
6.5 24.524 2265.6 0.01198
7 29.244 2103.7 0.010086
7.5 43.087 1963.5 0.0084719
8 365.04 1840.8 0.0069675
8.2 743.29 1795.9 0.0064167
8.4 1198.6 1753.1 0.0059262
8.6 1751.9 1712.4 0.0054892
8.8 2422.4 1673.4 0.0050775
9 2826.8 1636.2 0.0048366
9.2 3095.8 1600.7 0.004567
9.4 3298.7 1566.6 0.004336
9.6 3182.3 1534 0.0042593
9.8 2863.8 1502.7 0.0043199
10 2561.5 1472.6 0.0043967
10.2 2297.5 1443.7 0.0044756
10.4 2054.9 1416 0.0045649
10.6 1823.2 1389.3 0.0046756
10.8 1600.5 1363.5 0.0048053
11 1376.2 1338.7 0.0049518
11.2 1173 1314.8 0.00505
11.4 984.9 1291.8 0.0050996
11.6 815.1 1269.5 0.0050922
11.8 652.35 1248 0.0050006
12 516.81 1227.2 0.004806
12.5 343.16 1178.1 0.0041265
13 322.24 1132.8 0.0035672
13.5 368.93 1090.8 0.0031488
14 417.11 1051.9 0.0028391
14.5 454.89 1015.6 0.0025672
15 497.09 981.75 0.0022995
15.5 628.5 950.08 0.0020515
16 857.65 920.39 0.0018322
16.5 1092.6 892.5 0.00166
17 1279.4 866.25 0.0015254
17.5 1381.7 841.5 0.0014215
18 1396.1 818.12 0.0013478
18.5 1336.1 796.01 0.0013037
19 1255 775.06 0.001271
19.5 1177.8 755.19 0.0012399
20 1122.8 736.31 0.0011992
21 984.91 701.25 0.0011532
22 731.72 669.37 0.0012549
23 609.18 640.27 0.001234
24 550.58 613.59 0.0011568
25 512.51 589.05 0.0010788
26 482.5 566.39 0.0010088
27 452.67 545.42 0.00095156
28 423.31 525.94 0.00090285
29 394.09 507.8 0.00086113
30 363.81 490.87 0.00082577
32 308.6 460.19 0.00076234
34 262.02 433.12 0.00070354
36 224.96 409.06 0.00064675
38 194.84 387.53 0.0005939
40 171.67 368.16 0.00054355
45 132.38 327.25 0.00043887
50 107.33 294.52 0.00036037
55 87.952 267.75 0.0003026
60 72.914 245.44 0.00025668
65 61.566 226.56 0.00021985
70 53.414 210.37 0.00019061
75 46.339 196.35 0.00016707
80 40.473 184.08 0.00014753
100 25.806 147.26 9.4908e-05
200 6.4831 73.631 2.3822e-05
500 1.0387 29.452 3.8159e-06
