0.2 10191 73631 0.52018
0.22 14482 66937 0.65289
0.24 14819 61359 0.71278
0.26 15157 56639 0.71742
0.28 13538 52594 0.73378
0.3 13363 49087 0.73319
0.32 11616 46019 0.70005
0.34 8308.1 43312 0.67933
0.36 6479.9 40906 0.69171
0.38 5609.6 38753 0.7015
0.4 4659.3 36816 0.68984
0.42 2998.4 35062 0.65372
0.45 1600.8 32725 0.59872
0.5 807.25 29452 0.57243
0.55 601.87 26775 0.59574
0.6 435.66 24544 0.59602
0.65 320.67 22656 0.54319
0.7 246.64 21037 0.46657
0.75 201.22 19635 0.39474
0.8 172.82 18408 0.33701
0.9 137.04 16362 0.25359
1 113.65 14726 0.19964
1.1 92.549 13387 0.16259
1.2 73.613 12272 0.13572
1.3 58.406 11328 0.11478
1.4 46.562 10519 0.099244
1.5 39.792 9817.5 0.085996
1.6 35.768 9203.9 0.075697
1.7 33.573 8662.5 0.066983
1.8 31.727 8181.2 0.0597
1.9 29.429 7750.6 0.053529
2 27.125 7363.1 0.048395
2.2 21.77 6693.7 0.039895
2.4 17.832 6135.9 0.033522
2.6 15.491 5663.9 0.028638
2.8 14.656 5259.4 0.024661
3 13.498 4908.7 0.021479
3.5 11.477 4207.5 0.015735
4 10.024 3681.6 0.012044
4.5 9.7196 3272.5 0.0094727
5 17.586 2945.2 0.0076236
5.5 24.196 2677.5 0.0062367
6 21.957 2454.4 0.0051572
6.5 22.532 2265.6 0.0043244
7 27.556 2103.7 0.0036448
7.5 40.542 1963.5 0.003064
8 345.35 1840.8 0.0025163
8.2 811.9 1795.9 0.002306
8.4 1296.4 1753.1 0.0021283
8.6 1849.8 1712.4 0.0019739
8.8 2481.4 1673.4 0.0018231
9 3140 1636.2 0.0016924
9.2 3519 1600.7 0.0015909
9.4 3547.4 1566.6 0.0015339
9.6 3248.2 1534 0.001536
9.8 2896.5 1502.7 0.0015627
10 2554.4 1472.6 0.0016052
10.2 2253.1 1443.7 0.0016514
10.4 1980.5 1416 0.0017043
10.6 1711 1389.3 0.0017682
10.8 1477 1363.5 0.0018224
11 1262.8 1338.7 0.0018645
11.2 1069 1314.8 0.0018876
11.4 891.86 1291.8 0.0018918
11.6 722.7 1269.5 0.0018709
11.8 558.41 1248 0.001814
12 440.11 1227.2 0.0017186
12.5 351.27 1178.1 0.0014598
13 347.47 1132.8 0.0012786
13.5 382.07 1090.8 0.0011362
14 413.8 1051.9 0.0010293
14.5 452.37 1015.6 0.00092644
15 474.71 981.75 0.00083429
15.5 619.45 950.08 0.00074263
16 826 920.39 0.00066246
16.5 1098.3 892.5 0.00059559
17 1325.7 866.25 0.00054304
17.5 1467 841.5 0.00050175
18 1501.2 818.12 0.00047263
18.5 1424.3 796.01 0.00045833
19 1328 775.06 0.00044783
19.5 1218.7 755.19 0.00044274
20 1109.7 736.31 0.00044117
21 926.29 701.25 0.00043935
22 742.92 669.37 0.0004499
23 634.05 640.27 0.00043793
24 568.18 613.59 0.00041443
25 524.98 589.05 0.00038853
26 493.34 566.39 0.00036361
27 461.63 545.42 0.00034356
28 432.72 525.94 0.00032588
29 399.92 507.8 0.00031274
30 362.98 490.87 0.00030206
32 303.17 460.19 0.00027902
34 257.99 433.12 0.00025601
36 221.99 409.06 0.0002349
38 190.83 387.53 0.00021575
40 169.35 368.16 0.00019631
45 134.8 327.25 0.00015778
50 104.7 294.52 0.00013073
55 87.289 267.75 0.0001088
60 72.165 245.44 9.2306e-05
65 61.246 226.56 7.8929e-05
70 52.937 210.37 6.8446e-05
75 47.293 196.35 5.9841e-05
80 39.894 184.08 5.3115e-05
100 25.454 147.26 3.4058e-05
200 6.3937 73.631 8.5466e-06
500 1.0244 29.452 1.3689e-06
