0.2 8576 12650 0.83245
0.22 9316.7 14394 0.86994
0.24 9270.6 13726 0.84665
0.26 9073.5 11467 0.77159
0.28 8958.5 10176 0.67696
0.3 7807 10797 0.59325
0.32 7531.8 12065 0.52937
0.34 5324.2 15488 0.55289
0.36 4539.4 21125 0.57378
0.38 2499.4 23251 0.5799
0.4 1332.8 29236 0.64101
0.42 798.03 35367 0.63895
0.45 423.32 33455 0.65034
0.5 314.55 39575 0.70515
0.55 246.33 34834 0.66692
0.6 195.27 33956 0.69117
0.65 197.75 33671 0.70439
0.7 169.46 28336 0.67472
0.75 133.73 24043 0.62506
0.8 118.75 22209 0.59362
0.9 120.69 19545 0.59619
1 112.35 14369 0.60954
1.1 88.116 10102 0.55836
1.2 67.366 7665.3 0.47239
1.3 51.449 5835.8 0.38823
1.4 40.584 4821.8 0.32649
1.5 34.05 3703.1 0.2747
1.6 30.581 3026.4 0.23748
1.7 28.691 2417.5 0.20711
1.8 26.923 1937.7 0.18262
1.9 24.789 1559.9 0.16248
2 22.48 1316.1 0.14653
2.2 17.915 896.06 0.12028
2.4 14.767 627.88 0.10073
2.6 13.064 453.95 0.08576
2.8 12.732 334.43 0.073906
3 11.631 250.26 0.064329
3.5 9.7763 131.06 0.04722
4 8.5996 74.142 0.036079
4.5 8.7353 44.022 0.028375
5 17.554 26.984 0.022814
5.5 24.891 17.055 0.018692
6 22.561 10.626 0.015486
6.5 23.802 6.5895 0.012979
7 28.297 3.9936 0.010979
7.5 41.82 1.9531 0.009249
8 281.52 0.37828 0.0076051
8.2 708.41 0.43155 0.0069601
8.4 1246.1 1.2196 0.0064282
8.6 1833 2.53 0.0059663
8.8 2494.2 4.4511 0.0055188
9 3160.4 6.8881 0.005124
9.2 3622.3 9.1603 0.0047888
9.4 3766.1 10.798 0.0045557
9.6 3527.5 11.151 0.0044978
9.8 3068.4 10.386 0.0046375
10 2628.8 9.247 0.0048556
10.2 2259.8 8.1877 0.0050775
10.4 1962.8 7.296 0.0052599
10.6 1702.5 6.5382 0.0054273
10.8 1463.1 5.8483 0.0055802
11 1238.8 5.1972 0.0056993
11.2 1041.3 4.5972 0.0057408
11.4 859.16 4.058 0.005719
11.6 689.04 3.5372 0.0056097
11.8 540.78 3.0335 0.0053984
12 429.58 2.5483 0.0050945
12.5 354.12 1.6728 0.0043364
13 362.74 1.2165 0.0038238
13.5 384.56 0.90868 0.0034136
14 410.93 0.70107 0.0030817
14.5 439.81 0.53633 0.0027862
15 481.26 0.38995 0.0025019
15.5 610.5 0.29634 0.0022274
16 845.22 0.29756 0.0019859
16.5 1125.3 0.38923 0.0017883
17 1352.2 0.51597 0.0016358
17.5 1496.7 0.6365 0.0015141
18 1521.7 0.70799 0.001431
18.5 1447.9 0.71761 0.0013866
19 1348.1 0.68777 0.0013567
19.5 1241.7 0.64327 0.0013381
20 1153.4 0.59815 0.0013151
21 983.95 0.52228 0.0012891
22 783.94 0.42012 0.0013277
23 668.17 0.33529 0.0012958
24 600.46 0.2757 0.0012275
25 550.17 0.23252 0.0011583
26 509.51 0.1991 0.0010932
27 470.43 0.17216 0.001038
28 434.59 0.15001 0.000989
29 401.72 0.13139 0.00094464
30 369.03 0.11523 0.00090569
32 311.15 0.089394 0.00083497
34 262.96 0.069889 0.00076894
36 225.56 0.05512 0.0007042
38 194.48 0.044065 0.00064595
40 171.44 0.035547 0.00058993
45 130.48 0.021851 0.00047565
50 105.67 0.014229 0.00038958
55 86.393 0.0096561 0.00032486
60 72.854 0.0067812 0.00027432
65 61.526 0.0049104 0.00023518
70 53.615 0.003656 0.00020405
75 46.446 0.0027742 0.00017868
80 39.322 0.0021426 0.00015797
100 25.481 0.00086972 0.0001013
200 6.3963 5.3719e-05 2.5414e-05
500 1.0246 1.3706e-06 4.0703e-06
