0.2 30198 73631 0.74212
0.22 29791 66937 0.73529
0.24 29361 61359 0.73502
0.26 29109 56639 0.72243
0.28 26543 52594 0.68303
0.3 23085 49087 0.63604
0.32 20290 46019 0.60296
0.34 18309 43312 0.59097
0.36 16599 40906 0.59365
0.38 13985 38753 0.59418
0.4 11249 36816 0.57817
0.42 8870.9 35062 0.54278
0.45 5840.5 32725 0.47023
0.5 2904.7 29452 0.35746
0.55 1766.6 26775 0.28067
0.6 1139.6 24544 0.22738
0.65 765.29 22656 0.18938
0.7 568.86 21037 0.16116
0.75 442.91 19635 0.13931
0.8 362.34 18408 0.12184
0.9 271.28 16362 0.09604
1 214.89 14726 0.0774
1.1 164.76 13387 0.063957
1.2 115.34 12272 0.053801
1.3 85.204 11328 0.045792
1.4 65.152 10519 0.039608
1.5 54.053 9817.5 0.034404
1.6 48.198 9203.9 0.030313
1.7 45.385 8662.5 0.026837
1.8 43.139 8181.2 0.023892
1.9 40.929 7750.6 0.021461
2 35.899 7363.1 0.019363
2.2 29.004 6693.7 0.016023
2.4 23.896 6135.9 0.013468
2.6 20.836 5663.9 0.011482
2.8 19.424 5259.4 0.0098853
3 17.937 4908.7 0.0085892
3.5 15.306 4207.5 0.006299
4 13.55 3681.6 0.0048054
4.5 12.757 3272.5 0.0037831
5 20.304 2945.2 0.0030373
5.5 26.23 2677.5 0.002485
6 23.933 2454.4 0.0020534
6.5 23.868 2265.6 0.0017194
7 28.638 2103.7 0.0014463
7.5 42.454 1963.5 0.0012136
8 362.59 1840.8 0.0009963
8.2 740.82 1795.9 0.00091665
8.4 1197.7 1753.1 0.00084588
8.6 1753.3 1712.4 0.00078306
8.8 2424.4 1673.4 0.00072415
9 2819.7 1636.2 0.00069043
9.2 3081.6 1600.7 0.00065231
9.4 3271.8 1566.6 0.00062
9.6 3142.8 1534 0.00061003
9.8 2819 1502.7 0.00061962
10 2516.8 1472.6 0.00063119
10.2 2254.1 1443.7 0.00064287
10.4 2014 1416 0.00065589
10.6 1785.4 1389.3 0.00067183
10.8 1566.3 1363.5 0.00069034
11 1346.1 1338.7 0.00071106
11.2 1147.4 1314.8 0.0007247
11.4 963.73 1291.8 0.00073134
11.6 798 1269.5 0.00072987
11.8 639.29 1248 0.00071641
12 507.18 1227.2 0.00068837
12.5 338.12 1178.1 0.00059097
13 318.45 1132.8 0.00051083
13.5 365.34 1090.8 0.00045086
14 413.61 1051.9 0.00040647
14.5 451.61 1015.6 0.00036749
15 494.17 981.75 0.00032913
15.5 625.55 950.08 0.00029358
16 854.33 920.39 0.00026216
16.5 1088.6 892.5 0.00023752
17 1274.4 866.25 0.00021829
17.5 1375.6 841.5 0.00020347
18 1389.1 818.12 0.00019296
18.5 1328.7 796.01 0.0001867
19 1247.7 775.06 0.00018205
19.5 1170.7 755.19 0.00017761
20 1116 736.31 0.0001718
21 978.43 701.25 0.00016527
22 726.73 669.37 0.00017978
23 605.36 640.27 0.0001767
24 547.43 613.59 0.00016562
25 509.81 589.05 0.00015443
26 480.11 566.39 0.0001444
27 450.55 545.42 0.00013619
28 421.41 525.94 0.00012921
29 392.4 507.8 0.00012323
30 362.31 490.87 0.00011817
32 307.43 460.19 0.00010907
34 261.11 433.12 0.00010065
36 224.24 409.06 9.2516e-05
38 194.28 387.53 8.495e-05
40 171.22 368.16 7.7744e-05
45 132.1 327.25 6.2768e-05
50 107.15 294.52 5.1538e-05
55 87.827 267.75 4.3275e-05
60 72.827 245.44 3.6708e-05
65 61.503 226.56 3.1441e-05
70 53.366 210.37 2.7259e-05
75 46.303 196.35 2.3893e-05
80 40.446 184.08 2.1099e-05
100 25.794 147.26 1.3573e-05
200 6.4824 73.631 3.4069e-06
500 1.0387 29.452 5.4571e-07
