0.2 20001 73631 0.75299
0.22 21137 66937 0.78471
0.24 20904 61359 0.7835
0.26 21101 56639 0.77604
0.28 19926 52594 0.76444
0.3 19506 49087 0.76179
0.32 18927 46019 0.74358
0.34 16459 43312 0.71295
0.36 14128 40906 0.70452
0.38 12716 38753 0.71033
0.4 11718 36816 0.70894
0.42 10072 35062 0.68565
0.45 6731.6 32725 0.62488
0.5 3794.5 29452 0.57138
0.55 2904.3 26775 0.58465
0.6 2017.2 24544 0.59644
0.65 1262.8 22656 0.55489
0.7 861.5 21037 0.48104
0.75 631.66 19635 0.40756
0.8 497.46 18408 0.34628
0.9 357.83 16362 0.26019
1 274.45 14726 0.2033
1.1 205.39 13387 0.16514
1.2 140.7 12272 0.13757
1.3 101.73 11328 0.11645
1.4 76.501 10519 0.10042
1.5 62.344 9817.5 0.087094
1.6 54.863 9203.9 0.076685
1.7 51.005 8662.5 0.067879
1.8 47.921 8181.2 0.060438
1.9 45.047 7750.6 0.054301
2 39.179 7363.1 0.049011
2.2 31.228 6693.7 0.04059
2.4 25.45 6135.9 0.034144
2.6 21.999 5663.9 0.029132
2.8 20.358 5259.4 0.025098
3 18.685 4908.7 0.021821
3.5 15.775 4207.5 0.016022
4 13.865 3681.6 0.012233
4.5 12.99 3272.5 0.0096363
5 20.595 2945.2 0.0077404
5.5 26.531 2677.5 0.0063353
6 24.149 2454.4 0.0052365
6.5 24.039 2265.6 0.004386
7 28.796 2103.7 0.0036902
7.5 42.619 1963.5 0.0030975
8 363.25 1840.8 0.002544
8.2 741.53 1795.9 0.0023411
8.4 1198.1 1753.1 0.0021608
8.6 1753.3 1712.4 0.0020006
8.8 2424.5 1673.4 0.0018501
9 2822.3 1636.2 0.0017635
9.2 3086.2 1600.7 0.0016659
9.4 3279.8 1566.6 0.0015829
9.6 3153.9 1534 0.0015568
9.8 2831.4 1502.7 0.0015807
10 2528.9 1472.6 0.0016098
10.2 2265.7 1443.7 0.0016394
10.4 2024.9 1416 0.0016725
10.6 1795.4 1389.3 0.0017131
10.8 1575.3 1363.5 0.0017605
11 1354 1338.7 0.0018135
11.2 1154.1 1314.8 0.0018486
11.4 969.25 1291.8 0.0018659
11.6 802.45 1269.5 0.0018625
11.8 642.68 1248 0.0018284
12 509.68 1227.2 0.0017569
12.5 339.43 1178.1 0.0015084
13 319.44 1132.8 0.0013039
13.5 366.27 1090.8 0.0011509
14 414.52 1051.9 0.0010376
14.5 452.47 1015.6 0.0009381
15 494.93 981.75 0.00084021
15.5 626.32 950.08 0.00074949
16 855.21 920.39 0.00066931
16.5 1089.7 892.5 0.0006064
17 1275.8 866.25 0.00055727
17.5 1377.3 841.5 0.00051941
18 1390.9 818.12 0.00049256
18.5 1330.7 796.01 0.00047654
19 1249.6 775.06 0.00046464
19.5 1172.6 755.19 0.00045331
20 1117.8 736.31 0.00043847
21 980.13 701.25 0.00042177
22 728.03 669.37 0.00045884
23 606.35 640.27 0.00045104
24 548.25 613.59 0.00042277
25 510.51 589.05 0.00039423
26 480.73 566.39 0.00036861
27 451.11 545.42 0.00034768
28 421.9 525.94 0.00032987
29 392.84 507.8 0.00031461
30 362.7 490.87 0.00030168
32 307.74 460.19 0.00027848
34 261.35 433.12 0.00025697
36 224.43 409.06 0.00023621
38 194.43 387.53 0.0002169
40 171.33 368.16 0.0001985
45 132.17 327.25 0.00016027
50 107.19 294.52 0.0001316
55 87.859 267.75 0.0001105
60 72.849 245.44 9.3731e-05
65 61.519 226.56 8.0283e-05
70 53.379 210.37 6.9604e-05
75 46.313 196.35 6.1008e-05
80 40.453 184.08 5.3874e-05
100 25.797 147.26 3.4657e-05
200 6.4826 73.631 8.6991e-06
500 1.0387 29.452 1.3934e-06
