0.2 11005 73631 0.50658
0.22 13421 66937 0.6348
0.24 14202 61359 0.67822
0.26 14067 56639 0.71937
0.28 14264 52594 0.71306
0.3 11907 49087 0.71981
0.32 10913 46019 0.72737
0.34 9570.2 43312 0.70154
0.36 6646.2 40906 0.67031
0.38 4885.7 38753 0.67798
0.4 4177 36816 0.69508
0.42 3225.1 35062 0.69728
0.45 1946.4 32725 0.66412
0.5 773.57 29452 0.58776
0.55 548.07 26775 0.57405
0.6 459.12 24544 0.5963
0.65 370.63 22656 0.59884
0.7 285.06 21037 0.55555
0.75 225.93 19635 0.48702
0.8 189.42 18408 0.41977
0.9 146.19 16362 0.31346
1 120.13 14726 0.24386
1.1 97.444 13387 0.19692
1.2 77.276 12272 0.16348
1.3 61.072 11328 0.13776
1.4 48.565 10519 0.11886
1.5 41.339 9817.5 0.10285
1.6 37.052 9203.9 0.090455
1.7 34.673 8662.5 0.079999
1.8 32.676 8181.2 0.071279
1.9 30.234 7750.6 0.0639
2 27.811 7363.1 0.057766
2.2 22.233 6693.7 0.047619
2.4 18.157 6135.9 0.040015
2.6 15.737 5663.9 0.034189
2.8 14.858 5259.4 0.029446
3 13.662 4908.7 0.02565
3.5 11.58 4207.5 0.018796
4 10.093 3681.6 0.01439
4.5 9.7721 3272.5 0.01132
5 17.662 2945.2 0.0091114
5.5 24.279 2677.5 0.0074547
6 22.017 2454.4 0.006165
6.5 22.58 2265.6 0.0051698
7 27.602 2103.7 0.0043578
7.5 40.589 1963.5 0.0036636
8 345.52 1840.8 0.0030092
8.2 812.04 1795.9 0.0027579
8.4 1296.3 1753.1 0.0025457
8.6 1849.5 1712.4 0.0023611
8.8 2481 1673.4 0.0021808
9 3140.1 1636.2 0.0020243
9.2 3520.3 1600.7 0.0019027
9.4 3550.3 1566.6 0.0018343
9.6 3252 1534 0.0018365
9.8 2900.6 1502.7 0.0018681
10 2558.4 1472.6 0.0019189
10.2 2257 1443.7 0.001974
10.4 1984.1 1416 0.0020372
10.6 1714.2 1389.3 0.0021136
10.8 1479.8 1363.5 0.0021785
11 1265.2 1338.7 0.0022289
11.2 1071 1314.8 0.0022567
11.4 893.48 1291.8 0.0022618
11.6 723.96 1269.5 0.0022369
11.8 559.33 1248 0.002169
12 440.77 1227.2 0.0020549
12.5 351.68 1178.1 0.0017455
13 347.8 1132.8 0.0015288
13.5 382.37 1090.8 0.0013586
14 414.09 1051.9 0.0012308
14.5 452.64 1015.6 0.0011078
15 474.93 981.75 0.00099762
15.5 619.68 950.08 0.00088803
16 826.24 920.39 0.00079217
16.5 1098.6 892.5 0.00071221
17 1326 866.25 0.00064937
17.5 1467.5 841.5 0.00059998
18 1501.8 818.12 0.00056515
18.5 1425 796.01 0.00054802
19 1328.6 775.06 0.00053547
19.5 1219.4 755.19 0.00052937
20 1110.3 736.31 0.00052749
21 926.8 701.25 0.00052531
22 743.32 669.37 0.00053794
23 634.38 640.27 0.00052364
24 568.44 613.59 0.00049555
25 525.21 589.05 0.00046459
26 493.54 566.39 0.00043478
27 461.81 545.42 0.00041082
28 432.88 525.94 0.00038967
29 400.06 507.8 0.00037397
30 363.11 490.87 0.0003612
32 303.27 460.19 0.00033366
34 258.06 433.12 0.00030614
36 222.04 409.06 0.0002809
38 190.88 387.53 0.00025801
40 169.39 368.16 0.00023475
45 134.82 327.25 0.00018868
50 104.71 294.52 0.00015633
55 87.299 267.75 0.0001301
60 72.172 245.44 0.00011038
65 61.251 226.56 9.4387e-05
70 52.941 210.37 8.1851e-05
75 47.296 196.35 7.1561e-05
80 39.897 184.08 6.3517e-05
100 25.455 147.26 4.0729e-05
200 6.3938 73.631 1.022e-05
500 1.0244 29.452 1.637e-06
