0.2 10617 73631 0.90236
0.22 10984 66937 0.90238
0.24 11233 61359 0.89434
0.26 11400 56639 0.8808
0.28 11606 52594 0.86338
0.3 11630 49087 0.83562
0.32 11726 46019 0.80234
0.34 11343 43312 0.74693
0.36 10921 40906 0.7069
0.38 10719 38753 0.68173
0.4 9482.6 36816 0.6727
0.42 8757.1 35062 0.68486
0.45 8410.4 32725 0.6729
0.5 5716.7 29452 0.70845
0.55 4908.4 26775 0.68112
0.6 3101.4 24544 0.66397
0.65 2525.5 22656 0.69124
0.7 2158.4 21037 0.6848
0.75 1553.9 19635 0.63658
0.8 1111.3 18408 0.58864
0.9 881.59 16362 0.56417
1 846.32 14726 0.59532
1.1 612.53 13387 0.57782
1.2 394.71 12272 0.50253
1.3 236.61 11328 0.41585
1.4 164.41 10519 0.34564
1.5 131.68 9817.5 0.29063
1.6 111.98 9203.9 0.24922
1.7 99.423 8662.5 0.21671
1.8 89.96 8181.2 0.1904
1.9 80.399 7750.6 0.16931
2 71.876 7363.1 0.15186
2.2 53.509 6693.7 0.1244
2.4 41.008 6135.9 0.10415
2.6 33.601 5663.9 0.088676
2.8 29.703 5259.4 0.076338
3 26.433 4908.7 0.066411
3.5 21.02 4207.5 0.048698
4 17.668 3681.6 0.037255
4.5 16.075 3272.5 0.029331
5 23.519 2945.2 0.023598
5.5 30.434 2677.5 0.019324
6 26.784 2454.4 0.015988
6.5 26.361 2265.6 0.013385
7 31.264 2103.7 0.011293
7.5 45.325 1963.5 0.0094751
8 365.97 1840.8 0.0077673
8.2 808.89 1795.9 0.0071307
8.4 1321.9 1753.1 0.0065949
8.6 1878.7 1712.4 0.006115
8.8 2567.6 1673.4 0.0056508
9 3040 1636.2 0.0053624
9.2 3103.7 1600.7 0.0051878
9.4 3084.9 1566.6 0.0050431
9.6 2902.9 1534 0.005011
9.8 2609.9 1502.7 0.0050844
10 2348.5 1472.6 0.0051473
10.2 2136.7 1443.7 0.0051851
10.4 1934.8 1416 0.0052395
10.6 1737 1389.3 0.0053187
10.8 1533.7 1363.5 0.0054296
11 1329.7 1338.7 0.005547
11.2 1137.1 1314.8 0.0056316
11.4 961.93 1291.8 0.0056512
11.6 799.44 1269.5 0.0056126
11.8 651.59 1248 0.0054808
12 526.51 1227.2 0.0052768
12.5 368.33 1178.1 0.0045714
13 339.19 1132.8 0.0039719
13.5 382.5 1090.8 0.0035089
14 437.29 1051.9 0.0031632
14.5 479.28 1015.6 0.0028658
15 539.48 981.75 0.0025849
15.5 645.95 950.08 0.0023105
16 849.44 920.39 0.0020732
16.5 1066 892.5 0.0018819
17 1231.8 866.25 0.0017309
17.5 1331.1 841.5 0.0016138
18 1354.4 818.12 0.0015271
18.5 1309 796.01 0.001471
19 1243.3 775.06 0.0014259
19.5 1183 755.19 0.00138
20 1133.4 736.31 0.001331
21 985.01 701.25 0.0012866
22 726.47 669.37 0.001414
23 587.99 640.27 0.001418
24 518.8 613.59 0.001341
25 475.66 589.05 0.0012529
26 445.24 566.39 0.0011682
27 417.94 545.42 0.001098
28 392.24 525.94 0.0010368
29 366.78 507.8 0.00098455
30 340.62 490.87 0.00093982
32 291.05 460.19 0.00086272
34 247.12 433.12 0.00079477
36 210.4 409.06 0.00073028
38 180.35 387.53 0.00066958
40 157.57 368.16 0.00061158
45 121.08 327.25 0.00048948
50 96.299 294.52 0.00040093
55 78.376 267.75 0.00033428
60 68.479 245.44 0.00028172
65 56.6 226.56 0.00024163
70 48.706 210.37 0.00020966
75 43.267 196.35 0.00018275
80 37.413 184.08 0.00016199
100 24.38 147.26 0.00010413
200 6.1198 73.631 2.6122e-05
500 0.98027 29.452 4.1835e-06
