0.2 16726 73631 0.8245
0.22 17567 66937 0.81936
0.24 17645 61359 0.80072
0.26 17833 56639 0.78709
0.28 17337 52594 0.77354
0.3 17437 49087 0.76368
0.32 16420 46019 0.74266
0.34 14788 43312 0.73954
0.36 14176 40906 0.73928
0.38 12864 38753 0.71452
0.4 10340 36816 0.68772
0.42 8598.8 35062 0.68763
0.45 7248.5 32725 0.70252
0.5 4516.9 29452 0.66295
0.55 2536.9 26775 0.58808
0.6 1819.6 24544 0.56721
0.65 1447.4 22656 0.5855
0.7 1133.4 21037 0.59842
0.75 835.12 19635 0.57411
0.8 628.14 18408 0.51842
0.9 419.02 16362 0.39577
1 309.81 14726 0.30234
1.1 228.88 13387 0.2408
1.2 155.65 12272 0.19789
1.3 111.72 11328 0.166
1.4 83.533 10519 0.14237
1.5 67.56 9817.5 0.12301
1.6 59.12 9203.9 0.10806
1.7 54.629 8662.5 0.095507
1.8 51.025 8181.2 0.084957
1.9 47.737 7750.6 0.076287
2 41.331 7363.1 0.068831
2.2 32.698 6693.7 0.056989
2.4 26.48 6135.9 0.047942
2.6 22.773 5663.9 0.040912
2.8 20.981 5259.4 0.035255
3 19.184 4908.7 0.03066
3.5 16.089 4207.5 0.022524
4 14.077 3681.6 0.017206
4.5 13.146 3272.5 0.013559
5 20.79 2945.2 0.010894
5.5 26.732 2677.5 0.0089187
6 24.294 2454.4 0.0073734
6.5 24.154 2265.6 0.0061768
7 28.902 2103.7 0.0051978
7.5 42.73 1963.5 0.0043636
8 363.68 1840.8 0.003585
8.2 741.98 1795.9 0.0032997
8.4 1198.3 1753.1 0.003046
8.6 1753.1 1712.4 0.0028204
8.8 2424.3 1673.4 0.0026084
9 2823.7 1636.2 0.0024859
9.2 3088.9 1600.7 0.002348
9.4 3284.7 1566.6 0.0022306
9.6 3161 1534 0.0021931
9.8 2839.3 1502.7 0.0022262
10 2536.8 1472.6 0.002267
10.2 2273.4 1443.7 0.0023084
10.4 2032.1 1416 0.0023549
10.6 1802.1 1389.3 0.0024121
10.8 1581.3 1363.5 0.0024788
11 1359.3 1338.7 0.0025538
11.2 1158.5 1314.8 0.0026035
11.4 972.95 1291.8 0.0026282
11.6 805.44 1269.5 0.0026236
11.8 644.96 1248 0.0025757
12 511.36 1227.2 0.0024752
12.5 340.31 1178.1 0.0021251
13 320.1 1132.8 0.001837
13.5 366.9 1090.8 0.0016214
14 415.13 1051.9 0.0014619
14.5 453.04 1015.6 0.0013217
15 495.44 981.75 0.0011838
15.5 626.84 950.08 0.0010561
16 855.8 920.39 0.00094311
16.5 1090.4 892.5 0.00085447
17 1276.6 866.25 0.00078521
17.5 1378.3 841.5 0.00073184
18 1392.2 818.12 0.00069398
18.5 1332 796.01 0.00067137
19 1250.9 775.06 0.00065459
19.5 1173.8 755.19 0.00063862
20 1119 736.31 0.00061771
21 981.26 701.25 0.00059413
22 728.9 669.37 0.0006464
23 607.02 640.27 0.00063545
24 548.8 613.59 0.00059565
25 510.98 589.05 0.00055546
26 481.15 566.39 0.00051937
27 451.48 545.42 0.00048989
28 422.24 525.94 0.00046479
29 393.14 507.8 0.0004433
30 362.96 490.87 0.00042508
32 307.94 460.19 0.0003924
34 261.51 433.12 0.0003621
36 224.55 409.06 0.00033286
38 194.53 387.53 0.00030565
40 171.41 368.16 0.00027973
45 132.22 327.25 0.00022585
50 107.22 294.52 0.00018545
55 87.881 267.75 0.00015571
60 72.865 245.44 0.00013209
65 61.53 226.56 0.00011313
70 53.387 210.37 9.8086e-05
75 46.319 196.35 8.5973e-05
80 40.458 184.08 7.5919e-05
100 25.799 147.26 4.8839e-05
200 6.4827 73.631 1.2259e-05
500 1.0387 29.452 1.9636e-06
