0.2 17094 73631 0.02128
0.22 19542 66937 0.017494
0.24 18995 61359 0.014708
0.26 17455 56639 0.012598
0.28 15377 52594 0.010932
0.3 13296 49087 0.0095784
0.32 11100 46019 0.0084676
0.34 8980.9 43312 0.0075228
0.36 7289.9 40906 0.0067088
0.38 6023.5 38753 0.0060122
0.4 5062.9 36816 0.0054154
0.42 4284.3 35062 0.004902
0.45 3371.7 32725 0.0042571
0.5 2299 29452 0.0034273
0.55 1589.3 26775 0.0028266
0.6 1162.9 24544 0.0023712
0.65 841.9 22656 0.0020161
0.7 639.25 21037 0.0017354
0.75 517.22 19635 0.0015114
0.8 419.84 18408 0.0013288
0.9 314.82 16362 0.0010514
1 274.74 14726 0.00084804
1.1 218.91 13387 0.00070067
1.2 164.82 12272 0.00058861
1.3 112.46 11328 0.00050036
1.4 84.98 10519 0.00043143
1.5 72.866 9817.5 0.00037483
1.6 65.167 9203.9 0.00032919
1.7 60.467 8662.5 0.00029123
1.8 57.033 8181.2 0.00025902
1.9 52.757 7750.6 0.00023223
2 48.636 7363.1 0.00020946
2.2 38.256 6693.7 0.00017265
2.4 30.652 6135.9 0.00014487
2.6 26.046 5663.9 0.00012338
2.8 23.768 5259.4 0.00010614
3 21.726 4908.7 9.2236e-05
3.5 18.16 4207.5 6.7412e-05
4 15.78 3681.6 5.142e-05
4.5 14.71 3272.5 4.0384e-05
5 21.919 2945.2 3.2424e-05
5.5 28.763 2677.5 2.6508e-05
6 25.611 2454.4 2.19e-05
6.5 25.441 2265.6 1.8311e-05
7 30.409 2103.7 1.5433e-05
7.5 44.449 1963.5 1.2931e-05
8 362.83 1840.8 1.0574e-05
8.2 805.78 1795.9 9.6941e-06
8.4 1320.8 1753.1 8.957e-06
8.6 1879.9 1712.4 8.3001e-06
8.8 2568.1 1673.4 7.6685e-06
9 3023.9 1636.2 7.2882e-06
9.2 3072.9 1600.7 7.0618e-06
9.4 3040.8 1566.6 6.8758e-06
9.6 2849 1534 6.8442e-06
9.8 2553.4 1502.7 6.9537e-06
10 2293.8 1472.6 7.0445e-06
10.2 2084.3 1443.7 7.0992e-06
10.4 1885.3 1416 7.1752e-06
10.6 1691 1389.3 7.2838e-06
10.8 1491.9 1363.5 7.4339e-06
11 1292.9 1338.7 7.5905e-06
11.2 1105.6 1314.8 7.7007e-06
11.4 935.78 1291.8 7.7219e-06
11.6 778.33 1269.5 7.6641e-06
11.8 635.24 1248 7.4805e-06
12 514.14 1227.2 7.2e-06
12.5 361.39 1178.1 6.2364e-06
13 334.03 1132.8 5.4178e-06
13.5 377.67 1090.8 4.7854e-06
14 432.52 1051.9 4.3133e-06
14.5 474.76 1015.6 3.9072e-06
15 535.19 981.75 3.5237e-06
15.5 641.79 950.08 3.149e-06
16 844.81 920.39 2.8251e-06
16.5 1060.5 892.5 2.5645e-06
17 1225.2 866.25 2.3589e-06
17.5 1323.2 841.5 2.1999e-06
18 1345.5 818.12 2.0824e-06
18.5 1299.6 796.01 2.0065e-06
19 1233.9 775.06 1.9453e-06
19.5 1173.9 755.19 1.8831e-06
20 1124.4 736.31 1.8165e-06
21 976.43 701.25 1.7568e-06
22 719.81 669.37 1.9301e-06
23 582.97 640.27 1.9342e-06
24 514.77 613.59 1.8285e-06
25 472.27 589.05 1.708e-06
26 442.3 566.39 1.5923e-06
27 415.35 545.42 1.4965e-06
28 389.93 525.94 1.413e-06
29 364.73 507.8 1.3416e-06
30 338.79 490.87 1.2806e-06
32 289.61 460.19 1.1753e-06
34 246 433.12 1.0826e-06
36 209.54 409.06 9.9465e-07
38 179.67 387.53 9.119e-07
40 157.03 368.16 8.3286e-07
45 120.76 327.25 6.6654e-07
50 96.09 294.52 5.4594e-07
55 78.235 267.75 4.5518e-07
60 68.376 245.44 3.8361e-07
65 56.526 226.56 3.2901e-07
70 48.652 210.37 2.8547e-07
75 43.225 196.35 2.4884e-07
80 37.381 184.08 2.2057e-07
100 24.367 147.26 1.4178e-07
200 6.1189 73.631 3.5568e-08
500 0.98025 29.452 5.6964e-09
