0.2 13145 17124 0.58737
0.22 13591 19419 0.5957
0.24 13838 24448 0.62662
0.26 11998 33639 0.68452
0.28 12109 38249 0.68359
0.3 9237.3 42527 0.70632
0.32 8102.6 50623 0.71797
0.34 6801.4 52125 0.69001
0.36 3992.3 50380 0.66861
0.38 2299.4 52795 0.68226
0.4 1431.1 55550 0.69647
0.42 746.77 54348 0.69408
0.45 408.92 45148 0.65621
0.5 241.45 36807 0.5899
0.55 216.97 33906 0.58384
0.6 198.87 28273 0.60508
0.65 165.35 21249 0.59826
0.7 131.96 16091 0.54726
0.75 108.71 12811 0.4774
0.8 94.049 10532 0.41051
0.9 77.978 7313.5 0.30778
1 68.093 5080.5 0.23985
1.1 57.967 3583.3 0.19381
1.2 47.911 2596.4 0.16105
1.3 38.748 1845.6 0.1357
1.4 31.128 1421.8 0.11716
1.5 26.759 1036.2 0.1013
1.6 24.268 811.67 0.089184
1.7 23.061 629.52 0.078904
1.8 21.913 494.16 0.070303
1.9 20.427 392.03 0.063023
2 18.669 326.44 0.057129
2.2 15.203 219.4 0.04721
2.4 12.775 152.75 0.03967
2.6 11.489 110.07 0.033827
2.8 11.361 80.993 0.029169
3 10.51 60.602 0.02539
3.5 9.0529 31.775 0.018621
4 8.1022 18.008 0.014211
4.5 8.336 10.713 0.011163
5 16.915 6.5785 0.0089662
5.5 24.164 4.164 0.0073396
6 22.038 2.5983 0.0060762
6.5 23.366 1.6134 0.0050892
7 27.894 0.97902 0.0043024
7.5 41.407 0.4797 0.0036216
8 280.53 0.093288 0.0029734
8.2 708.33 0.1067 0.0027184
8.4 1248.7 0.302 0.0025087
8.6 1838.9 0.62685 0.0023273
8.8 2503.1 1.1027 0.002152
9 3166.7 1.703 0.0019985
9.2 3618.6 2.2573 0.0018691
9.4 3746.4 2.6493 0.0017804
9.6 3494 2.7248 0.0017607
9.8 3029.4 2.5308 0.0018183
10 2590.5 2.2501 0.0019056
10.2 2224.4 1.9909 0.0019935
10.4 1930.8 1.7734 0.0020652
10.6 1673.9 1.5889 0.0021306
10.8 1438.2 1.4212 0.0021898
11 1217.7 1.263 0.0022355
11.2 1023.8 1.1175 0.0022507
11.4 845.17 0.98666 0.0022412
11.6 678.33 0.86034 0.0021977
11.8 532.94 0.73818 0.0021145
12 423.93 0.6205 0.0019953
12.5 350.51 0.40791 0.0016983
13 359.68 0.29691 0.0014974
13.5 381.83 0.22192 0.0013366
14 408.43 0.1713 0.0012065
14.5 437.55 0.13111 0.0010907
15 479.27 0.095378 0.0009793
15.5 608.58 0.072524 0.0008717
16 843.18 0.072853 0.00077706
16.5 1122.8 0.095298 0.00069971
17 1349 0.12628 0.00064011
17.5 1492.3 0.15569 0.00059257
18 1516.3 0.17306 0.0005602
18.5 1442.1 0.17532 0.00054294
19 1342.2 0.16798 0.00053135
19.5 1236.1 0.15708 0.00052411
20 1148.1 0.14605 0.00051513
21 979.11 0.1275 0.00050503
22 780.07 0.10257 0.00052005
23 665.08 0.081875 0.00050744
24 597.88 0.067335 0.00048062
25 547.95 0.056796 0.0004535
26 507.57 0.048639 0.00042796
27 468.73 0.042061 0.00040632
28 433.09 0.036653 0.00038712
29 400.39 0.032106 0.00036974
30 367.87 0.02816 0.00035447
32 310.25 0.021848 0.00032676
34 262.26 0.017083 0.00030089
36 225.02 0.013474 0.00027554
38 194.06 0.010773 0.00025273
40 171.11 0.0086912 0.0002308
45 130.27 0.0053434 0.00018608
50 105.54 0.0034798 0.00015241
55 86.302 0.0023618 0.00012709
60 72.79 0.0016587 0.00010732
65 61.479 0.0012011 9.2004e-05
70 53.58 0.00089433 7.9824e-05
75 46.42 0.00067864 6.9899e-05
80 39.302 0.00052415 6.1799e-05
100 25.472 0.00021278 3.9628e-05
200 6.3958 1.3144e-05 9.9422e-06
500 1.0246 3.3536e-07 1.5923e-06
