0.2 12058 73631 0.63887
0.22 14980 66937 0.70658
0.24 16324 61359 0.73825
0.26 16450 56639 0.71819
0.28 14206 52594 0.70453
0.3 13199 49087 0.71289
0.32 12249 46019 0.71095
0.34 9498.7 43312 0.67846
0.36 6421.9 40906 0.62767
0.38 4603.6 38753 0.59021
0.4 3676.8 36816 0.57489
0.42 2709.9 35062 0.57576
0.45 1819.6 32725 0.59386
0.5 827.25 29452 0.58636
0.55 468.44 26775 0.50631
0.6 314.98 24544 0.41378
0.65 244.2 22656 0.3389
0.7 199.99 21037 0.28249
0.75 170.04 19635 0.24004
0.8 149.2 18408 0.20778
0.9 120.83 16362 0.16085
1 101.27 14726 0.12903
1.1 83.198 13387 0.10627
1.2 66.737 12272 0.089286
1.3 53.476 11328 0.075814
1.4 42.919 10519 0.065698
1.5 37.003 9817.5 0.057005
1.6 33.472 9203.9 0.050214
1.7 31.617 8662.5 0.044449
1.8 30.045 8181.2 0.039622
1.9 28.008 7750.6 0.035526
2 25.918 7363.1 0.032117
2.2 20.957 6693.7 0.026467
2.4 17.263 6135.9 0.022231
2.6 15.061 5663.9 0.018986
2.8 14.303 5259.4 0.016344
3 13.213 4908.7 0.014231
3.5 11.298 4207.5 0.010419
4 9.9034 3681.6 0.0079714
4.5 9.6283 3272.5 0.0062676
5 17.455 2945.2 0.0050429
5.5 24.052 2677.5 0.0041246
6 21.854 2454.4 0.0034101
6.5 22.448 2265.6 0.002859
7 27.477 2103.7 0.0024095
7.5 40.46 1963.5 0.0020251
8 345.06 1840.8 0.0016627
8.2 811.65 1795.9 0.0015235
8.4 1296.4 1753.1 0.001406
8.6 1850.1 1712.4 0.0013039
8.8 2481.9 1673.4 0.0012042
9 3139.6 1636.2 0.0011179
9.2 3516.4 1600.7 0.0010511
9.4 3542.1 1566.6 0.0010137
9.6 3241.3 1534 0.0010153
9.8 2889.2 1502.7 0.0010332
10 2547.2 1472.6 0.0010615
10.2 2246.4 1443.7 0.0010921
10.4 1974.3 1416 0.0011271
10.6 1705.5 1389.3 0.0011693
10.8 1472.1 1363.5 0.0012051
11 1258.7 1338.7 0.0012328
11.2 1065.6 1314.8 0.001248
11.4 889.04 1291.8 0.0012506
11.6 720.5 1269.5 0.0012367
11.8 556.82 1248 0.001199
12 438.97 1227.2 0.0011359
12.5 350.56 1178.1 0.00096489
13 346.9 1132.8 0.00084509
13.5 381.54 1090.8 0.00075097
14 413.31 1051.9 0.00068028
14.5 451.92 1015.6 0.00061229
15 474.31 981.75 0.00055137
15.5 619.04 950.08 0.00049078
16 825.56 920.39 0.00043779
16.5 1097.8 892.5 0.0003936
17 1325 866.25 0.00035888
17.5 1466.1 841.5 0.0003316
18 1500.1 818.12 0.00031237
18.5 1423.2 796.01 0.00030293
19 1326.8 775.06 0.000296
19.5 1217.6 755.19 0.00029265
20 1108.7 736.31 0.00029162
21 925.4 701.25 0.00029041
22 742.21 669.37 0.00029738
23 633.49 640.27 0.00028945
24 567.71 613.59 0.0002739
25 524.58 589.05 0.00025679
26 492.99 566.39 0.00024031
27 461.32 545.42 0.00022706
28 432.44 525.94 0.00021537
29 399.67 507.8 0.00020669
30 362.76 490.87 0.00019962
32 303.01 460.19 0.00018439
34 257.86 433.12 0.00016918
36 221.88 409.06 0.00015523
38 190.75 387.53 0.00014258
40 169.29 368.16 0.00012972
45 134.76 327.25 0.00010426
50 104.67 294.52 8.6386e-05
55 87.272 267.75 7.1894e-05
60 72.153 245.44 6.0997e-05
65 61.237 226.56 5.2157e-05
70 52.93 210.37 4.523e-05
75 47.288 196.35 3.9544e-05
80 39.891 184.08 3.5099e-05
100 25.452 147.26 2.2506e-05
200 6.3936 73.631 5.6477e-06
500 1.0243 29.452 9.0458e-07
