0.2 26165 73631 0.74084
0.22 28217 66937 0.76919
0.24 27387 61359 0.74964
0.26 25525 56639 0.73413
0.28 24996 52594 0.73141
0.3 24128 49087 0.71725
0.32 21231 46019 0.6784
0.34 17428 43312 0.6301
0.36 14660 40906 0.59708
0.38 12604 38753 0.58436
0.4 11234 36816 0.5887
0.42 9900.8 35062 0.5961
0.45 7151.3 32725 0.58674
0.5 3488.1 29452 0.49888
0.55 2021.9 26775 0.39647
0.6 1269.2 24544 0.31661
0.65 841.67 22656 0.25958
0.7 621.44 21037 0.21829
0.75 481.44 19635 0.18708
0.8 392.02 18408 0.16266
0.9 290.98 16362 0.12733
1 228.33 14726 0.10225
1.1 173.75 13387 0.084352
1.2 120.85 12272 0.070901
1.3 88.754 11328 0.060327
1.4 67.566 10519 0.052177
1.5 55.807 9817.5 0.045324
1.6 49.601 9203.9 0.03994
1.7 46.565 8662.5 0.035366
1.8 44.141 8181.2 0.031491
1.9 41.79 7750.6 0.028291
2 36.584 7363.1 0.02553
2.2 29.467 6693.7 0.021132
2.4 24.219 6135.9 0.017766
2.6 21.078 5663.9 0.01515
2.8 19.618 5259.4 0.013045
3 18.092 4908.7 0.011336
3.5 15.403 4207.5 0.008316
4 13.615 3681.6 0.0063454
4.5 12.806 3272.5 0.004996
5 20.364 2945.2 0.0040116
5.5 26.293 2677.5 0.0032824
6 23.978 2454.4 0.0027124
6.5 23.904 2265.6 0.0022714
7 28.671 2103.7 0.0019107
7.5 42.488 1963.5 0.0016034
8 362.73 1840.8 0.0013164
8.2 740.97 1795.9 0.0012112
8.4 1197.8 1753.1 0.0011178
8.6 1753.3 1712.4 0.0010348
8.8 2424.5 1673.4 0.00095694
9 2820.3 1636.2 0.00091233
9.2 3082.6 1600.7 0.00086193
9.4 3273.5 1566.6 0.00081918
9.6 3145.2 1534 0.00080593
9.8 2821.6 1502.7 0.00081855
10 2519.3 1472.6 0.00083379
10.2 2256.6 1443.7 0.0008492
10.4 2016.3 1416 0.00086639
10.6 1787.5 1389.3 0.00088744
10.8 1568.1 1363.5 0.00091191
11 1347.8 1338.7 0.0009393
11.2 1148.8 1314.8 0.00095735
11.4 964.87 1291.8 0.00096617
11.6 798.92 1269.5 0.00096426
11.8 639.99 1248 0.00094651
12 507.7 1227.2 0.00090946
12.5 338.39 1178.1 0.00078079
13 318.66 1132.8 0.00067491
13.5 365.53 1090.8 0.00059569
14 413.8 1051.9 0.00053704
14.5 451.79 1015.6 0.00048554
15 494.33 981.75 0.00043486
15.5 625.71 950.08 0.00038789
16 854.51 920.39 0.00034639
16.5 1088.9 892.5 0.00031383
17 1274.7 866.25 0.00028841
17.5 1376 841.5 0.00026883
18 1389.5 818.12 0.00025495
18.5 1329.1 796.01 0.00024667
19 1248.1 775.06 0.00024052
19.5 1171.1 755.19 0.00023466
20 1116.4 736.31 0.00022698
21 978.78 701.25 0.00021835
22 727 669.37 0.00023753
23 605.56 640.27 0.00023346
24 547.6 613.59 0.00021882
25 509.95 589.05 0.00020405
26 480.24 566.39 0.00019078
27 450.67 545.42 0.00017995
28 421.52 525.94 0.00017072
29 392.49 507.8 0.00016283
30 362.39 490.87 0.00015613
32 307.5 460.19 0.00014412
34 261.16 433.12 0.00013298
36 224.28 409.06 0.00012224
38 194.31 387.53 0.00011224
40 171.24 368.16 0.00010272
45 132.12 327.25 8.2935e-05
50 107.16 294.52 6.8098e-05
55 87.834 267.75 5.718e-05
60 72.831 245.44 4.8503e-05
65 61.506 226.56 4.1544e-05
70 53.369 210.37 3.6018e-05
75 46.305 196.35 3.157e-05
80 40.447 184.08 2.7878e-05
100 25.795 147.26 1.7934e-05
200 6.4825 73.631 4.5015e-06
500 1.0387 29.452 7.2105e-07
