0.2 14153 73631 0.87306
0.22 14768 66937 0.85743
0.24 15035 61359 0.83896
0.26 15175 56639 0.81702
0.28 15247 52594 0.79692
0.3 15306 49087 0.77569
0.32 14602 46019 0.75173
0.34 14221 43312 0.73751
0.36 13616 40906 0.71687
0.38 11749 38753 0.71121
0.4 10706 36816 0.72436
0.42 10413 35062 0.72213
0.45 8655.6 32725 0.68566
0.5 5878.9 29452 0.69198
0.55 4967.2 26775 0.69458
0.6 3269.1 24544 0.63298
0.65 2130.1 22656 0.57891
0.7 1715.6 21037 0.56751
0.75 1537.7 19635 0.58225
0.8 1290.4 18408 0.59644
0.9 835.27 16362 0.55135
1 597.79 14726 0.44153
1.1 424.73 13387 0.34832
1.2 296.13 12272 0.28101
1.3 189.74 11328 0.23208
1.4 136.49 10519 0.19656
1.5 111.64 9817.5 0.16884
1.6 96.018 9203.9 0.14728
1.7 85.996 8662.5 0.12977
1.8 78.47 8181.2 0.11516
1.9 70.618 7750.6 0.10314
2 63.55 7363.1 0.092999
2.2 47.944 6693.7 0.076703
2.4 37.181 6135.9 0.064451
2.6 30.784 5663.9 0.054979
2.8 27.478 5259.4 0.047375
3 24.661 4908.7 0.041232
3.5 19.937 4207.5 0.030233
4 16.951 3681.6 0.023116
4.5 15.556 3272.5 0.018188
5 22.91 2945.2 0.014624
5.5 29.798 2677.5 0.011969
6 26.338 2454.4 0.009898
6.5 26.012 2265.6 0.0082827
7 30.939 2103.7 0.0069859
7.5 44.993 1963.5 0.0058582
8 364.82 1840.8 0.0047977
8.2 807.86 1795.9 0.004402
8.4 1321.9 1753.1 0.0040696
8.6 1879.9 1712.4 0.0037723
8.8 2569.2 1673.4 0.0034855
9 3035.7 1636.2 0.0033094
9.2 3093.8 1600.7 0.0032034
9.4 3069.8 1566.6 0.0031159
9.6 2883.8 1534 0.0030982
9.8 2589.4 1502.7 0.0031453
10 2328.4 1472.6 0.0031851
10.2 2117.3 1443.7 0.0032091
10.4 1916.3 1416 0.0032431
10.6 1719.8 1389.3 0.0032922
10.8 1518 1363.5 0.0033606
11 1315.7 1338.7 0.0034327
11.2 1125.1 1314.8 0.0034841
11.4 951.98 1291.8 0.0034954
11.6 791.4 1269.5 0.0034707
11.8 645.35 1248 0.0033886
12 521.79 1227.2 0.0032622
12.5 365.68 1178.1 0.002826
13 337.22 1132.8 0.0024553
13.5 380.66 1090.8 0.0021689
14 435.48 1051.9 0.0019551
14.5 477.57 1015.6 0.0017712
15 537.86 981.75 0.0015975
15.5 644.39 950.08 0.0014278
16 847.71 920.39 0.0012811
16.5 1063.9 892.5 0.0011629
17 1229.4 866.25 0.0010696
17.5 1328.2 841.5 0.00099733
18 1351.1 818.12 0.00094387
18.5 1305.5 796.01 0.00090931
19 1239.8 775.06 0.00088146
19.5 1179.6 755.19 0.0008532
20 1130 736.31 0.00082293
21 981.76 701.25 0.00079562
22 723.93 669.37 0.00087434
23 586.08 640.27 0.00087654
24 517.26 613.59 0.00082885
25 474.37 589.05 0.00077435
26 444.12 566.39 0.00072194
27 416.95 545.42 0.00067855
28 391.36 525.94 0.0006407
29 366 507.8 0.00060839
30 339.92 490.87 0.00058074
32 290.5 460.19 0.00053306
34 246.69 433.12 0.00049105
36 210.07 409.06 0.00045118
38 180.09 387.53 0.00041367
40 157.36 368.16 0.00037783
45 120.96 327.25 0.00030239
50 96.219 294.52 0.00024768
55 78.322 267.75 0.00020651
60 68.44 245.44 0.00017404
65 56.572 226.56 0.00014927
70 48.685 210.37 0.00012952
75 43.251 196.35 0.0001129
80 37.401 184.08 0.00010007
100 24.375 147.26 6.4326e-05
200 6.1194 73.631 1.6137e-05
500 0.98026 29.452 2.5844e-06
