0.2 12742 16121 0.67651
0.22 13790 14730 0.61155
0.24 12375 19526 0.61238
0.26 12232 23695 0.63598
0.28 10656 31349 0.68524
0.3 10437 36861 0.6772
0.32 7407.1 40071 0.69235
0.34 6120.9 47489 0.71517
0.36 4719.2 52082 0.69345
0.38 2503.2 49267 0.66195
0.4 1287.7 48996 0.66989
0.42 651.82 51195 0.68899
0.45 446.69 50630 0.69713
0.5 269.89 38268 0.63793
0.55 201.92 33341 0.58647
0.6 187.75 30710 0.58661
0.65 176.18 25777 0.60613
0.7 149.68 19862 0.60116
0.75 123.12 15406 0.55825
0.8 104.2 12425 0.49553
0.9 83.358 8652.2 0.37565
1 71.722 6145 0.29012
1.1 60.745 4420.6 0.23232
1.2 50.089 3248.1 0.19181
1.3 40.383 2329 0.16089
1.4 32.39 1805.6 0.13854
1.5 27.747 1320 0.11955
1.6 25.109 1036.7 0.10513
1.7 23.798 805.23 0.092936
1.8 22.557 632.62 0.082764
1.9 20.979 502.12 0.074171
2 19.143 418.4 0.06722
2.2 15.534 281.27 0.05554
2.4 13.015 195.83 0.04667
2.6 11.676 141.11 0.039798
2.8 11.523 103.81 0.034321
3 10.642 77.659 0.029879
3.5 9.1372 40.702 0.021919
4 8.1599 23.059 0.016731
4.5 8.3822 13.714 0.013145
5 16.989 8.4193 0.01056
5.5 24.248 5.3282 0.0086451
6 22.098 3.3242 0.0071577
6.5 23.417 2.0638 0.0059955
7 27.94 1.2521 0.005069
7.5 41.455 0.61338 0.0042672
8 280.64 0.11923 0.0035041
8.2 708.35 0.13633 0.0032039
8.4 1248.5 0.38581 0.002957
8.6 1838.3 0.80077 0.0027433
8.8 2502.2 1.4086 0.0025368
9 3166.2 2.1761 0.0023558
9.2 3619.4 2.8855 0.002203
9.4 3749 3.3883 0.0020982
9.6 3498.2 3.4865 0.0020746
9.8 3034.1 3.2393 0.0021421
10 2595 2.8803 0.0022447
10.2 2228.5 2.5487 0.0023481
10.4 1934.6 2.2704 0.0024326
10.6 1677.3 2.0342 0.0025096
10.8 1441.1 1.8195 0.0025795
11 1220.2 1.617 0.0026335
11.2 1025.8 1.4306 0.0026515
11.4 846.78 1.2631 0.0026405
11.6 679.56 1.1013 0.0025893
11.8 533.84 0.94489 0.0024914
12 424.57 0.7942 0.002351
12.5 350.92 0.52201 0.002001
13 360.03 0.37992 0.0017644
13.5 382.15 0.28395 0.0015749
14 408.72 0.21917 0.0014216
14.5 437.81 0.16774 0.0012852
15 479.5 0.12201 0.0011539
15.5 608.8 0.092773 0.0010272
16 843.42 0.093189 0.00091567
16.5 1123.1 0.1219 0.00082452
17 1349.3 0.16154 0.00075428
17.5 1492.8 0.19917 0.00069825
18 1517 0.22141 0.00066009
18.5 1442.7 0.22432 0.00063973
19 1342.9 0.21493 0.00062606
19.5 1236.7 0.20099 0.00061753
20 1148.7 0.18687 0.00060694
21 979.67 0.16315 0.00059504
22 780.52 0.13125 0.00061274
23 665.44 0.10476 0.0005979
24 598.18 0.086154 0.00056631
25 548.21 0.072669 0.00053436
26 507.79 0.062232 0.00050427
27 468.93 0.053814 0.00047877
28 433.26 0.046895 0.00045616
29 400.54 0.041077 0.00043568
30 368 0.036028 0.00041769
32 310.35 0.027952 0.00038504
34 262.34 0.021855 0.00035456
36 225.08 0.017239 0.00032469
38 194.1 0.013783 0.00029782
40 171.15 0.011119 0.00027198
45 130.3 0.0068359 0.00021928
50 105.55 0.0044517 0.0001796
55 86.312 0.0030213 0.00014976
60 72.797 0.0021219 0.00012646
65 61.485 0.0015366 0.00010842
70 53.584 0.0011441 9.4066e-05
75 46.423 0.00086815 8.237e-05
80 39.304 0.00067051 7.2825e-05
100 25.473 0.0002722 4.6698e-05
200 6.3958 1.6814e-05 1.1716e-05
500 1.0246 4.29e-07 1.8764e-06
