0.2 13099 73631 0.66656
0.22 15509 66937 0.69784
0.24 17558 61359 0.71949
0.26 17599 56639 0.69739
0.28 14924 52594 0.6451
0.3 12445 49087 0.60316
0.32 10713 46019 0.5855
0.34 8895.2 43312 0.58817
0.36 6979.7 40906 0.59864
0.38 5210.8 38753 0.59527
0.4 3797.9 36816 0.5685
0.42 2392.1 35062 0.52401
0.45 1315.2 32725 0.44842
0.5 567.95 29452 0.34277
0.55 351.8 26775 0.2711
0.6 253.23 24544 0.22136
0.65 203.35 22656 0.1853
0.7 169.59 21037 0.15796
0.75 145.77 19635 0.13664
0.8 128.82 18408 0.1198
0.9 105.93 16362 0.094285
1 90.095 14726 0.076277
1.1 75.003 13387 0.06309
1.2 60.861 12272 0.053126
1.3 49.331 11328 0.045157
1.4 39.902 10519 0.039149
1.5 34.711 9817.5 0.03397
1.6 31.599 9203.9 0.02992
1.7 30.028 8662.5 0.026479
1.8 28.685 8181.2 0.023597
1.9 26.861 7750.6 0.021151
2 24.946 7363.1 0.019116
2.2 20.305 6693.7 0.015744
2.4 16.808 6135.9 0.013218
2.6 14.717 5663.9 0.011285
2.8 14.022 5259.4 0.0097108
3 12.986 4908.7 0.008453
3.5 11.156 4207.5 0.0061851
4 9.8076 3681.6 0.0047305
4.5 9.5557 3272.5 0.0037184
5 17.351 2945.2 0.0029911
5.5 23.938 2677.5 0.0024461
6 21.773 2454.4 0.0020221
6.5 22.381 2265.6 0.0016951
7 27.414 2103.7 0.0014284
7.5 40.395 1963.5 0.0012004
8 344.82 1840.8 0.00098538
8.2 811.43 1795.9 0.00090278
8.4 1296.4 1753.1 0.00083307
8.6 1850.4 1712.4 0.00077255
8.8 2482.3 1673.4 0.00071348
9 3139 1636.2 0.00066239
9.2 3514.1 1600.7 0.00062287
9.4 3537.6 1566.6 0.00060083
9.6 3235.6 1534 0.00060194
9.8 2883.2 1502.7 0.00061262
10 2541.5 1472.6 0.00062945
10.2 2241 1443.7 0.00064765
10.4 1969.3 1416 0.00066843
10.6 1701.1 1389.3 0.00069343
10.8 1468.3 1363.5 0.00071462
11 1255.4 1338.7 0.00073098
11.2 1062.8 1314.8 0.00073992
11.4 886.79 1291.8 0.00074141
11.6 718.76 1269.5 0.00073312
11.8 555.56 1248 0.00071076
12 438.06 1227.2 0.00067333
12.5 350 1178.1 0.00057195
13 346.45 1132.8 0.00050093
13.5 381.12 1090.8 0.00044513
14 412.91 1051.9 0.00040322
14.5 451.55 1015.6 0.00036292
15 474 981.75 0.00032681
15.5 618.72 950.08 0.00029089
16 825.21 920.39 0.00025947
16.5 1097.4 892.5 0.00023328
17 1324.4 866.25 0.0002127
17.5 1465.4 841.5 0.00019654
18 1499.3 818.12 0.00018515
18.5 1422.3 796.01 0.00017956
19 1325.9 775.06 0.00017546
19.5 1216.7 755.19 0.00017348
20 1107.9 736.31 0.00017287
21 924.69 701.25 0.00017215
22 741.65 669.37 0.00017628
23 633.04 640.27 0.00017157
24 567.34 613.59 0.00016235
25 524.26 589.05 0.0001522
26 492.71 566.39 0.00014243
27 461.08 545.42 0.00013458
28 432.22 525.94 0.00012765
29 399.47 507.8 0.0001225
30 362.59 490.87 0.00011832
32 302.87 460.19 0.00010929
34 257.76 433.12 0.00010027
36 221.81 409.06 9.2001e-05
38 190.69 387.53 8.4501e-05
40 169.24 368.16 7.6883e-05
45 134.73 327.25 6.1793e-05
50 104.65 294.52 5.1197e-05
55 87.258 267.75 4.2609e-05
60 72.143 245.44 3.615e-05
65 61.23 226.56 3.0911e-05
70 52.925 210.37 2.6806e-05
75 47.284 196.35 2.3436e-05
80 39.888 184.08 2.0801e-05
100 25.451 147.26 1.3338e-05
200 6.3935 73.631 3.3471e-06
500 1.0243 29.452 5.3611e-07
