0.2 16206 1.0019e+05 0.67719
0.22 19432 90381 0.69325
0.24 14986 74862 0.63071
0.26 12477 67941 0.5897
0.28 11869 63639 0.58704
0.3 10515 57588 0.59868
0.32 8077.5 48397 0.59866
0.34 5707.4 38990 0.56857
0.36 3378 31856 0.51418
0.38 1777.5 26610 0.45335
0.4 924.26 22529 0.39775
0.42 418.38 19168 0.35031
0.45 237.54 15156 0.29456
0.5 157.27 10325 0.22913
0.55 124.35 7243.6 0.1854
0.6 101.94 5145.8 0.15384
0.65 87.093 3723.4 0.13012
0.7 75.775 2750.7 0.11174
0.75 67.321 2079.7 0.097184
0.8 61.378 1602.1 0.085393
0.9 54.147 989.67 0.067489
1 49.219 636.66 0.054637
1.1 43.259 429 0.045172
1.2 36.739 302.52 0.038035
1.3 30.617 212.46 0.0323
1.4 25.07 161.84 0.028007
1.5 22.105 117.82 0.024269
1.6 20.384 91.974 0.021392
1.7 19.702 71.315 0.018933
1.8 19.005 56.008 0.016868
1.9 17.955 44.474 0.015116
2 16.562 37.005 0.013698
2.2 13.749 24.919 0.011307
2.4 11.728 17.382 0.0094907
2.6 10.673 12.544 0.0080844
2.8 10.657 9.2436 0.0069645
3 9.9403 6.9256 0.0060572
3.5 8.689 3.6403 0.004435
4 7.8535 2.0667 0.0033805
4.5 8.137 1.2312 0.0026532
5 16.598 0.75686 0.0021296
5.5 23.803 0.47948 0.0017423
6 21.778 0.29945 0.0014418
6.5 23.15 0.18607 0.0012071
7 27.694 0.11298 0.0010202
7.5 41.202 0.055411 0.00085839
8 280.01 0.010797 0.00070423
8.2 708.15 0.012364 0.00064353
8.4 1249.7 0.035018 0.00059369
8.6 1841 0.072695 0.00055066
8.8 2506 0.12784 0.00050915
9 3167.4 0.19722 0.0004729
9.2 3613.8 0.26097 0.00044246
9.4 3733.5 0.30564 0.00042175
9.6 3474.9 0.31374 0.00041745
9.8 3008.4 0.29104 0.00043144
10 2570.4 0.25861 0.00045234
10.2 2206.1 0.22876 0.00047327
10.4 1914.5 0.20375 0.00049028
10.6 1659.5 0.18254 0.00050573
10.8 1425.7 0.16328 0.00051968
11 1207.2 0.14512 0.00053038
11.2 1015.2 0.12841 0.00053385
11.4 838.25 0.1134 0.00053147
11.6 673.05 0.098902 0.00052105
11.8 529.09 0.084882 0.00050127
12 421.14 0.071372 0.000473
12.5 348.72 0.046953 0.00040257
13 358.16 0.034191 0.00035493
13.5 380.48 0.025564 0.0003168
14 407.2 0.019738 0.00028595
14.5 436.43 0.015111 0.00025848
15 478.27 0.010995 0.00023207
15.5 607.61 0.008363 0.00020655
16 842.12 0.0084024 0.00018411
16.5 1121.5 0.010991 0.00016578
17 1347.2 0.014561 0.00015167
17.5 1490.1 0.017947 0.00014042
18 1513.6 0.019944 0.00013277
18.5 1439.1 0.020199 0.00012869
19 1339.3 0.01935 0.00012595
19.5 1233.2 0.018094 0.00012425
20 1145.4 0.016822 0.00012212
21 976.71 0.014685 0.00011973
22 778.16 0.011814 0.00012328
23 663.55 0.0094313 0.00012028
24 596.61 0.007757 0.00011391
25 546.86 0.0065434 0.00010748
26 506.62 0.005604 0.00010142
27 467.9 0.0048462 9.6289e-05
28 432.35 0.0042234 9.1738e-05
29 399.74 0.0036995 8.7615e-05
30 367.29 0.0032449 8.3995e-05
32 309.81 0.0025178 7.7423e-05
34 261.92 0.0019688 7.1291e-05
36 224.75 0.001553 6.5282e-05
38 193.85 0.0012417 5.9877e-05
40 170.94 0.0010018 5.4681e-05
45 130.17 0.00061595 4.4085e-05
50 105.47 0.00040115 3.6107e-05
55 86.257 0.00027227 3.0108e-05
60 72.758 0.00019123 2.5423e-05
65 61.457 0.00013848 2.1796e-05
70 53.563 0.00010311 1.8911e-05
75 46.407 7.8244e-05 1.6559e-05
80 39.292 6.0432e-05 1.464e-05
100 25.468 2.4533e-05 9.388e-06
200 6.3955 1.5155e-06 2.3553e-06
500 1.0246 3.8669e-08 3.7722e-07
